Insertion sort 1000 muuttujan ajat:
4ms, 4ms, 3ms, 4ms ja 4ms

Insertion sort 100 muuttujan ajat:
0ms, 0ms, 0ms, 0ms ja 0ms

Insertion sort 500 muuttujan ajat:

2ms, 2ms, 2ms, 2ms ja 2ms



Insertion sort 1000 muuttujan mittaukset:

[4823, 48424, 164557, 184813, 212287, 239623, 264617, 277540, 315173, 315223, 334099, 342755, 350898, 382847, 414413, 419043, 419194, 492182, 570845, 588310, 595517, 600468, 600695, 619430, 656627, 679762, 695399, 711674, 723460, 725780, 735290, 744073, 750896, 767019, 792086, 804263, 806864, 814969, 864010, 868385, 888239, 894950, 977753, 979053, 992218, 1033653, 1081369, 1096162, 1122590, 1257389, 1270139, 1322409, 1392020, 1397580, 1416159, 1519513, 1522167, 1525373, 1556733, 1712872, 1725360, 1754658, 1866812, 1937674, 1940111, 1969488, 2010902, 2030808, 2042233, 2091810, 2155767, 2170737, 2188514, 2233389, 2243024, 2285924, 2313988, 2325263, 2330797, 2368538, 2381260, 2400914, 2436415, 2447592, 2448678, 2461307, 2500426, 2501771, 2516259, 2551077, 2552322, 2575875, 2609257, 2653553, 2690539, 2878189, 2882085, 2922237, 2942064, 2978751, 3027665, 3030495, 3042979, 3079032, 3079928, 3104433, 3106338, 3114139, 3135296, 3162759, 3245863, 3248151, 3252187, 3282553, 3288247, 3307981, 3349574, 3416497, 3439337, 3462146, 3514663, 3541297, 3542662, 3625496, 3730554, 3765604, 3793601, 3813410, 3861409, 3882682, 3971297, 3982974, 3994853, 4053965, 4074017, 4077699, 4110493, 4128609, 4139091, 4288010, 4437745, 4438153, 4446784, 4459606, 4532812, 4544591, 4582052, 4588630, 4589996, 4627034, 4786638, 4849916, 4862887, 4865301, 4877657, 4878372, 4905774, 4974973, 5040715, 5073261, 5156185, 5159303, 5232682, 5238395, 5281561, 5318227, 5323441, 5337285, 5340768, 5382681, 5418012, 5419684, 5432263, 5568874, 5617803, 5631654, 5699697, 5701499, 5751173, 5767823, 5790343, 5884313, 5892007, 5894597, 5916637, 5974421, 5984110, 5990481, 6009989, 6019413, 6043187, 6045919, 6059987, 6082993, 6106924, 6197571, 6210383, 6216178, 6266705, 6357228, 6362830, 6373361, 6402030, 6414717, 6426949, 6475169, 6524744, 6543539, 6554696, 6569174, 6658382, 6673341, 6680585, 6685692, 6701702, 6706096, 6710570, 6731063, 6738533, 6806255, 6823662, 6857569, 6867062, 6870931, 6897043, 6941924, 6948734, 6954951, 6958935, 7058129, 7063017, 7070458, 7088356, 7092145, 7098104, 7107851, 7142382, 7147276, 7176887, 7228637, 7255035, 7281815, 7290096, 7301072, 7324594, 7406654, 7458231, 7582287, 7610405, 7675215, 7700550, 7707843, 7708432, 7750138, 7775079, 7931766, 7969423, 8028794, 8070760, 8089917, 8114066, 8171677, 8184723, 8254217, 8278748, 8328797, 8328940, 8349890, 8356594, 8359840, 8377018, 8386416, 8400405, 8434277, 8591210, 8629974, 8643536, 8656529, 8662543, 8664241, 8679030, 8704235, 8722856, 8730428, 8763546, 8767174, 8777673, 8850714, 8893985, 8913798, 8930614, 8945225, 8989286, 8996891, 9043992, 9060922, 9090418, 9119417, 9142058, 9146457, 9181013, 9204146, 9204235, 9214469, 9225624, 9238958, 9269134, 9359198, 9395433, 9448662, 9455737, 9457884, 9471404, 9525214, 9526767, 9551010, 9562234, 9575933, 9576950, 9585425, 9718241, 9748583, 9812853, 9833670, 9875080, 9884282, 9996104, 10047371, 10083791, 10088754, 10106025, 10109558, 10109766, 10157497, 10238355, 10255105, 10264911, 10288618, 10298379, 10308207, 10327167, 10402491, 10418615, 10447608, 10463808, 10492909, 10502675, 10504097, 10505920, 10593737, 10673400, 10772729, 10774781, 10820580, 10879157, 10881841, 10999120, 11006566, 11016940, 11020458, 11092656, 11114178, 11224424, 11252106, 11259270, 11277554, 11336032, 11356236, 11359377, 11365055, 11433082, 11477369, 11490433, 11607067, 11611807, 11640180, 11647100, 11685656, 11703922, 11742243, 11807671, 11821087, 11842480, 11946870, 11966203, 11969291, 12057675, 12074995, 12079058, 12089622, 12098005, 12139411, 12166948, 12201373, 12212832, 12214009, 12225504, 12230434, 12249548, 12314874, 12345699, 12351717, 12364054, 12377364, 12417435, 12439830, 12511189, 12516869, 12544900, 12572396, 12628356, 12632456, 12660354, 12666072, 12688550, 12709653, 12715113, 12724325, 12729268, 12737202, 12743744, 12791569, 12904336, 12947853, 12953353, 13021273, 13057354, 13081171, 13086125, 13098489, 13196501, 13205452, 13214674, 13262546, 13278298, 13328200, 13350589, 13360940, 13376058, 13406471, 13453576, 13514795, 13529185, 13536409, 13543004, 13573741, 13581168, 13596850, 13696479, 13716589, 13728048, 13742212, 13754949, 13756842, 13790988, 13818473, 13838313, 13863298, 13894146, 13916688, 13938280, 13940675, 13991486, 13999406, 14049124, 14049965, 14147207, 14203865, 14235632, 14269221, 14292597, 14338167, 14417624, 14486897, 14535526, 14578195, 14589304, 14605568, 14650468, 14745350, 14777370, 14790404, 14825197, 14830149, 14839137, 14887410, 14892917, 14903877, 14958617, 14979212, 14982527, 15027702, 15053074, 15055021, 15089400, 15098688, 15102323, 15123096, 15134963, 15138293, 15142156, 15145643, 15153174, 15166332, 15194300, 15219278, 15219815, 15282431, 15381397, 15388500, 15394988, 15404993, 15459091, 15522407, 15544474, 15546036, 15548323, 15552383, 15553868, 15627113, 15654708, 15717303, 15731457, 15734500, 15734585, 15742571, 15752735, 15769856, 15887518, 15913646, 15958617, 16003127, 16029860, 16030748, 16041416, 16053852, 16112170, 16134070, 16225150, 16245246, 16252881, 16273877, 16294372, 16330826, 16353328, 16370444, 16386705, 16427054, 16499624, 16514483, 16518163, 16556819, 16589412, 16617468, 16661405, 16669327, 16675882, 16686704, 16716378, 16785489, 16792948, 16806945, 16816278, 16834939, 16835625, 16861532, 16878680, 16920997, 16926529, 16959601, 17043588, 17054213, 17108393, 17116870, 17177278, 17256911, 17299616, 17300553, 17306093, 17329957, 17368228, 17441184, 17442504, 17453320, 17467790, 17532167, 17628788, 17650359, 17660656, 17688503, 17788753, 17790129, 17807579, 17814139, 17860484, 17899888, 17907342, 17911633, 17922930, 17970148, 17997607, 18067739, 18075430, 18123359, 18129139, 18202109, 18300868, 18309472, 18318813, 18376232, 18399463, 18493004, 18507506, 18526672, 18536503, 18556450, 18567745, 18568722, 18593142, 18614039, 18647544, 18666838, 18668673, 18681897, 18706610, 18722359, 18731251, 18769614, 18820348, 18824014, 18861765, 18870067, 18942435, 18987165, 18992091, 19072542, 19072991, 19113697, 19117555, 19127993, 19222543, 19257374, 19281577, 19285465, 19296945, 19363441, 19376057, 19410276, 19446619, 19459112, 19471450, 19481494, 19484956, 19521376, 19527597, 19532300, 19575934, 19576397, 19598348, 19600641, 19612734, 19669051, 19682034, 19691244, 19710482, 19740736, 19790932, 19803143, 19814216, 19838533, 19857574, 19951706, 19968147, 19992135, 20039504, 20083515, 20134184, 20190439, 20217841, 20243023, 20267624, 20277887, 20317176, 20355729, 20369106, 20399245, 20474723, 20484905, 20504544, 20522554, 20534703, 20536138, 20539757, 20598524, 20607407, 20650021, 20756556, 20791054, 20804878, 20810410, 20865819, 20882112, 20892200, 20917749, 20918036, 20968287, 20975322, 21099344, 21110864, 21152572, 21158812, 21178512, 21256013, 21268398, 21288239, 21289891, 21292703, 21400085, 21421495, 21429508, 21432954, 21448612, 21497558, 21506083, 21617886, 21630786, 21661829, 21695861, 21708501, 21820554, 21848333, 21880281, 21903342, 21916744, 21929405, 22030610, 22113310, 22217669, 22248217, 22258909, 22331419, 22336271, 22363423, 22367943, 22372461, 22435129, 22448710, 22457241, 22461181, 22465834, 22484456, 22526917, 22527869, 22539071, 22539937, 22570331, 22578519, 22592129, 22628172, 22666427, 22671756, 22690641, 22692730, 22776006, 22777949, 22809442, 22864410, 22868367, 22872328, 22895422, 22904550, 22914848, 22926105, 22945422, 22998074, 23023085, 23119769, 23138498, 23147625, 23247879, 23260841, 23323816, 23349589, 23417748, 23424063, 23440537, 23447174, 23508670, 23520535, 23572871, 23575638, 23580246, 23623018, 23631903, 23632655, 23675790, 23711915, 23806498, 23829498, 23884953, 23892760, 23895878, 23931342, 23973142, 23985109, 23998392, 24017787, 24179577, 24216641, 24220529, 24229356, 24329678, 24332766, 24381487, 24444649, 24457660, 24469170, 24492224, 24503953, 24512809, 24514563, 24518852, 24563870, 24600600, 24628792, 24659791, 24680743, 24779385, 24819360, 24861011, 24875225, 24887265, 25002569, 25032384, 25087011, 25098040, 25114248, 25144864, 25150393, 25156392, 25168093, 25285729, 25305935, 25325039, 25334939, 25339348, 25447500, 25459229, 25491199, 25521081, 25543647, 25552764, 25553122, 25612973, 25634266, 25659051, 25777693, 25804211, 25851288, 25901029, 25940778, 26026027, 26051681, 26126885, 26127100, 26160978, 26174661, 26250001, 26296109, 26359582, 26362071, 26376792, 26378301, 26498857, 26506958, 26507057, 26511085, 26579331, 26607939, 26617823, 26684002, 26689602, 26748703, 26802442, 26812660, 26823431, 26844430, 26868840, 26879304, 26879543, 26882589, 26912491, 26964150, 26978100, 26987939, 27102978, 27109021, 27135985, 27152943, 27173413, 27203959, 27231348, 27236118, 27252572, 27266396, 27275762, 27299635, 27312817, 27330259, 27343978, 27357259, 27363302, 27366021, 27377164, 27392963, 27396060, 27405532, 27431232, 27437547, 27451612, 27550700, 27620286, 27637794, 27642114, 27660469, 27716886, 27737943, 27784241, 27800612, 27813052, 27817097, 27831986, 27845816, 27881790, 27883874, 27903513, 27914284, 27919406, 27922600, 27949258, 27961227, 27988414, 28008557, 28063720, 28110064, 28126560, 28179043, 28198785, 28249377, 28296233, 28305996, 28324215, 28372760, 28400901, 28403849, 28419201, 28433386, 28584414, 28586588, 28671171, 28704992, 28777268, 28817858, 28924173, 28941617, 28962715, 29029281, 29120569, 29125939, 29164566, 29210128, 29214179, 29219530, 29254487, 29321880, 29326323, 29353496, 29393223, 29453056, 29496078, 29501071, 29505899, 29531159, 29639064, 29708802, 29714064, 29746326, 29764022, 29780957, 29780991, 29787773, 29803956, 29825802, 29836350, 29837307, 29857333, 29874541, 29933714, 29943503, 29979366]
ohjelman suorittaminen kesti 4 millisekuntia

[14439, 48206, 147526, 157435, 233805, 303182, 356843, 357492, 398556, 409717, 447954, 461499, 505001, 569305, 596336, 634104, 639187, 655764, 697302, 711614, 784539, 801211, 801275, 848356, 861499, 883506, 896539, 915602, 920621, 979440, 984004, 1011731, 1034257, 1053583, 1157913, 1158742, 1179580, 1197310, 1204483, 1269865, 1337886, 1344150, 1356839, 1366800, 1367544, 1378637, 1379753, 1416955, 1455191, 1461697, 1495005, 1509848, 1540799, 1583976, 1680573, 1729942, 1781863, 1822970, 1834823, 1835191, 1891415, 1909184, 2062016, 2105927, 2139483, 2233761, 2234775, 2248547, 2274944, 2297015, 2390784, 2499379, 2525995, 2543843, 2548600, 2558568, 2660897, 2660972, 2716950, 2770349, 2807669, 2819433, 2852509, 2862987, 2898471, 2929913, 2935298, 2945880, 3042306, 3059315, 3070143, 3096794, 3097454, 3098191, 3192013, 3193835, 3292053, 3325023, 3374694, 3386289, 3398783, 3405870, 3448458, 3449086, 3534996, 3542557, 3545998, 3592551, 3724769, 3733220, 3733507, 3737907, 3781286, 3788058, 3795671, 3838761, 3857457, 3864186, 3879833, 3883967, 3893881, 3928244, 3931034, 3944933, 3954936, 3970821, 4012668, 4017504, 4027733, 4054353, 4061829, 4156421, 4161183, 4166722, 4200856, 4217132, 4252414, 4277451, 4313312, 4401849, 4496716, 4518384, 4538394, 4554079, 4644797, 4678046, 4698549, 4765781, 4771713, 4791430, 4795188, 4857794, 4866757, 5008636, 5070111, 5091532, 5098385, 5108060, 5150677, 5232772, 5276328, 5283297, 5290359, 5320583, 5340851, 5359652, 5375054, 5401537, 5456747, 5504802, 5509132, 5523294, 5535589, 5598583, 5611421, 5611553, 5611974, 5668491, 5710791, 5742999, 5837824, 5896098, 5927868, 5952221, 5968452, 5999128, 6033282, 6040188, 6160295, 6188655, 6204011, 6256480, 6275691, 6324262, 6336724, 6339204, 6346609, 6388042, 6450830, 6476162, 6526846, 6546943, 6552398, 6604360, 6645472, 6663065, 6680802, 6711373, 6751676, 6779058, 6790635, 6799087, 6841260, 6880117, 6921475, 6927009, 6935948, 7006618, 7048309, 7067976, 7071054, 7072425, 7110776, 7114575, 7138817, 7171929, 7243716, 7244688, 7286409, 7306095, 7339580, 7361748, 7372804, 7390235, 7410987, 7416839, 7427173, 7457430, 7466807, 7495336, 7515346, 7515559, 7516441, 7516823, 7570779, 7625649, 7679847, 7701992, 7714309, 7745627, 7747184, 7809876, 7846356, 7894867, 7907235, 7936685, 8070087, 8087583, 8107969, 8120427, 8121638, 8137282, 8209669, 8225725, 8267770, 8294579, 8312143, 8342768, 8362030, 8405940, 8412661, 8490487, 8515989, 8546775, 8569168, 8635977, 8669393, 8684185, 8687458, 8691304, 8763351, 8772662, 8787703, 8978459, 8981452, 8981926, 9032132, 9044149, 9062618, 9073081, 9086443, 9112503, 9118733, 9160293, 9167637, 9172287, 9174336, 9229309, 9237808, 9238857, 9247689, 9269418, 9272174, 9272825, 9327528, 9354377, 9391457, 9424197, 9430908, 9447605, 9579420, 9613780, 9654793, 9678740, 9757725, 9768950, 9779129, 9815091, 9877257, 9952336, 9966375, 10012695, 10143777, 10149794, 10189946, 10194464, 10207248, 10216455, 10387643, 10394627, 10441537, 10446801, 10468805, 10481100, 10537280, 10548636, 10560012, 10658648, 10663262, 10699042, 10705595, 10705654, 10730565, 10774214, 10786274, 10786536, 10792550, 10814960, 10929485, 10932461, 10987988, 10992612, 11018149, 11086525, 11128234, 11149208, 11158998, 11169315, 11178927, 11210009, 11222323, 11227728, 11237795, 11249208, 11273714, 11305632, 11308531, 11309179, 11331611, 11341555, 11365909, 11379976, 11426273, 11444720, 11446861, 11520546, 11575924, 11701253, 11701789, 11705199, 11711023, 11789895, 11793782, 11855795, 11860466, 11863497, 11866333, 11881542, 12040248, 12139158, 12144871, 12161276, 12164555, 12166791, 12177574, 12182226, 12196158, 12286227, 12292479, 12298184, 12314004, 12329278, 12393216, 12419143, 12485911, 12503524, 12511657, 12519896, 12524807, 12532726, 12548947, 12580666, 12593463, 12601240, 12618901, 12655458, 12674137, 12695914, 12707736, 12759015, 12771877, 12775384, 12797510, 12844706, 12864574, 12871119, 12936604, 12951159, 13031185, 13036270, 13075758, 13102234, 13159150, 13168495, 13186062, 13193646, 13210662, 13228368, 13249964, 13255076, 13260930, 13292454, 13380033, 13388805, 13412018, 13415829, 13436177, 13438968, 13452194, 13459316, 13508307, 13515607, 13532270, 13535858, 13553389, 13588741, 13605372, 13633943, 13700478, 13709694, 13741799, 13750365, 13770972, 13779848, 13790026, 13815053, 13819848, 13864235, 13895242, 13923889, 13975918, 14026483, 14088577, 14095968, 14118941, 14127959, 14143136, 14162542, 14206196, 14257582, 14267872, 14287287, 14315041, 14345272, 14356019, 14375346, 14408321, 14428833, 14435857, 14438656, 14438825, 14477230, 14478807, 14517158, 14535287, 14536597, 14580336, 14594597, 14598398, 14656981, 14690417, 14692793, 14694024, 14716448, 14738821, 14758573, 14761776, 14802285, 14835949, 14855443, 14885001, 14895932, 14958879, 14986392, 14994991, 15002064, 15068215, 15120552, 15190507, 15215095, 15234827, 15255437, 15265203, 15275290, 15287482, 15300148, 15303400, 15333010, 15343052, 15351444, 15384988, 15409445, 15516645, 15569168, 15586285, 15625331, 15648444, 15690527, 15746918, 15866764, 15902860, 15922922, 15933728, 15963335, 15970216, 16022956, 16035281, 16038257, 16078871, 16093595, 16122980, 16154216, 16190141, 16206109, 16215678, 16217048, 16218513, 16240634, 16313311, 16351218, 16361597, 16402855, 16494628, 16524816, 16578090, 16578640, 16600153, 16635926, 16707009, 16732962, 16762153, 16842941, 16913786, 16936204, 16938677, 17044030, 17060889, 17087877, 17283427, 17416883, 17488264, 17495303, 17498002, 17518827, 17561273, 17564552, 17598869, 17599371, 17616667, 17623787, 17640780, 17650647, 17686627, 17748095, 17846821, 17907663, 17915779, 17943724, 17946860, 17947402, 17948101, 17989794, 18007283, 18098418, 18145124, 18166194, 18205730, 18209447, 18218314, 18291426, 18306675, 18311724, 18339644, 18388082, 18400078, 18467657, 18476748, 18478864, 18481231, 18486957, 18559115, 18561741, 18573033, 18609342, 18621253, 18635965, 18656278, 18662291, 18702465, 18745256, 18859788, 18945242, 19008105, 19014980, 19024072, 19024260, 19035726, 19048571, 19050723, 19055229, 19060939, 19071749, 19091530, 19096291, 19103515, 19107839, 19109969, 19128321, 19131270, 19158200, 19189348, 19250455, 19301932, 19341974, 19365451, 19379830, 19380684, 19391815, 19446958, 19508344, 19516161, 19528701, 19571354, 19602895, 19631613, 19649765, 19718047, 19802126, 19831068, 19833635, 19858011, 19929222, 19959871, 19967055, 19975217, 20050036, 20056625, 20059849, 20064114, 20122540, 20137867, 20204140, 20204918, 20210570, 20229709, 20240813, 20262121, 20270366, 20313321, 20350427, 20368553, 20371008, 20423640, 20472517, 20478078, 20501737, 20515331, 20557833, 20585915, 20605678, 20625427, 20643402, 20667650, 20668995, 20696784, 20770802, 20773697, 20796630, 20812494, 20841693, 20856586, 20910277, 20934640, 20975040, 20982941, 21041638, 21085983, 21091920, 21113033, 21164713, 21275621, 21283609, 21284358, 21310996, 21322429, 21334569, 21349004, 21359730, 21378499, 21395802, 21429624, 21485607, 21526043, 21553882, 21609690, 21611319, 21618954, 21636134, 21644044, 21659355, 21672572, 21686343, 21697827, 21715259, 21727251, 21728816, 21761976, 21766600, 21771188, 21799975, 21802484, 21815564, 21822662, 21856823, 21910259, 21967231, 21971764, 22022352, 22081808, 22089959, 22095116, 22220578, 22248260, 22266545, 22319421, 22369284, 22440294, 22482379, 22523800, 22534310, 22540539, 22540668, 22561943, 22672217, 22712129, 22716531, 22753378, 22850870, 22882655, 22888725, 22931623, 22931957, 22954053, 22997408, 23016129, 23020391, 23036190, 23071930, 23135929, 23141168, 23319313, 23427456, 23439889, 23452926, 23467961, 23468531, 23491448, 23503667, 23504146, 23527835, 23562630, 23571819, 23596321, 23625988, 23626866, 23650775, 23687980, 23768271, 23869418, 23872587, 23927574, 23932204, 23934733, 23969106, 24029162, 24063066, 24067991, 24120769, 24160080, 24168824, 24171403, 24183077, 24191842, 24271612, 24326949, 24363815, 24396454, 24476345, 24487410, 24494255, 24507000, 24570230, 24573316, 24582433, 24741064, 24764745, 24781724, 24815171, 24849244, 24985223, 24998413, 25123408, 25160869, 25180266, 25255714, 25260306, 25381504, 25408372, 25418299, 25421064, 25445022, 25489311, 25540723, 25560108, 25565002, 25593716, 25666040, 25678563, 25689018, 25762528, 25772939, 25824005, 25833767, 25834211, 25866169, 25890732, 25944254, 25954919, 25959185, 26077465, 26081446, 26091760, 26127839, 26129771, 26136768, 26166768, 26247552, 26274690, 26311939, 26315796, 26356449, 26372011, 26384011, 26386308, 26447466, 26452374, 26471851, 26506206, 26564121, 26582149, 26582808, 26603506, 26618572, 26678373, 26742884, 26745679, 26767742, 26788704, 26830934, 26836669, 26871674, 26893178, 26893390, 26953600, 26960381, 26995817, 27036769, 27040076, 27100697, 27102340, 27113643, 27114366, 27136800, 27176131, 27226166, 27257493, 27303414, 27311938, 27364930, 27386268, 27397652, 27563189, 27685481, 27695039, 27740708, 27776962, 27799049, 27809489, 27849945, 27879655, 27882567, 27892385, 27917966, 27933121, 28066220, 28093202, 28097562, 28104103, 28113485, 28120637, 28170301, 28181004, 28241577, 28304478, 28313094, 28324351, 28334783, 28352503, 28372757, 28384172, 28389010, 28393777, 28401920, 28401942, 28433489, 28481485, 28529539, 28570396, 28584288, 28592779, 28607067, 28665313, 28689499, 28696605, 28736937, 28754088, 28758275, 28833997, 28898501, 28922720, 28933031, 28980250, 29014428, 29047679, 29060588, 29064187, 29090441, 29154529, 29157920, 29182556, 29204890, 29372065, 29380253, 29422714, 29430596, 29464971, 29564345, 29605610, 29627292, 29657620, 29680650, 29690829, 29702244, 29747128, 29869179, 29921077, 29922026, 29969283, 29980543, 29989949]
ohjelman suorittaminen kesti 4 millisekuntia

[32223, 34414, 34714, 69474, 101614, 114315, 149095, 165152, 200579, 207443, 220085, 236782, 266646, 313243, 331401, 349153, 364528, 395501, 421647, 432239, 474364, 493359, 518017, 523327, 537135, 562451, 577033, 611285, 618702, 673632, 677797, 685555, 693987, 696405, 757464, 765739, 822503, 889437, 935825, 1008310, 1017082, 1019446, 1040185, 1046320, 1068050, 1094998, 1211295, 1245316, 1250734, 1259206, 1276285, 1287602, 1291111, 1304434, 1304747, 1322417, 1403194, 1409556, 1490344, 1504000, 1527015, 1581519, 1632141, 1637065, 1656346, 1656738, 1675957, 1731495, 1747580, 1759348, 1778393, 1790063, 1802194, 1818249, 1831101, 1852149, 1852243, 1870473, 1913689, 1935052, 1948764, 1949575, 1952651, 1954386, 2000243, 2002748, 2010945, 2031770, 2065180, 2086324, 2124264, 2151422, 2186976, 2195297, 2196553, 2229382, 2268101, 2277356, 2291912, 2313743, 2317226, 2342436, 2388892, 2405791, 2473958, 2498482, 2501437, 2513839, 2521718, 2527261, 2532230, 2580911, 2641674, 2684029, 2762389, 2800463, 2834922, 2838571, 2945188, 2954063, 2955454, 2964196, 2976885, 2985623, 2987286, 3033402, 3059019, 3073851, 3136696, 3145220, 3232768, 3257963, 3280705, 3321553, 3329854, 3370145, 3401979, 3403619, 3446147, 3465896, 3466585, 3547698, 3551080, 3575983, 3607936, 3708349, 3791945, 3818299, 3836897, 3864572, 3865044, 3889899, 3936895, 3959444, 3986065, 3998239, 4052977, 4069792, 4087955, 4111619, 4114385, 4138504, 4150561, 4177913, 4184711, 4185100, 4276147, 4291749, 4314978, 4368867, 4382050, 4407388, 4439806, 4457802, 4466806, 4555542, 4556958, 4564971, 4573957, 4580073, 4636905, 4673216, 4775388, 4782526, 4820462, 4873710, 4882658, 4908982, 4922185, 4924507, 4965702, 5013653, 5027880, 5086740, 5153272, 5181530, 5192382, 5200672, 5207131, 5257791, 5282597, 5286912, 5298854, 5335460, 5349317, 5419702, 5425973, 5426360, 5456272, 5577395, 5616995, 5619441, 5657029, 5659769, 5680243, 5689892, 5703956, 5704191, 5715952, 5741020, 5750334, 5760442, 5763900, 5783255, 5798496, 5851075, 5875813, 5950694, 5999843, 6009256, 6013002, 6033656, 6051905, 6060648, 6106958, 6112048, 6119032, 6124306, 6165719, 6279945, 6286918, 6382337, 6423398, 6435678, 6436753, 6544678, 6584173, 6598305, 6602401, 6647512, 6756553, 6785571, 6824380, 6847121, 6858204, 6859973, 6868187, 6875691, 6885046, 6921810, 7002226, 7059084, 7074807, 7121963, 7170147, 7271263, 7299020, 7347424, 7354669, 7372191, 7420275, 7420812, 7449472, 7505776, 7522864, 7581612, 7585191, 7586516, 7587940, 7610563, 7611323, 7625254, 7628468, 7633450, 7681200, 7698519, 7725899, 7730900, 7735604, 7741173, 7749145, 7779554, 7783436, 7786104, 7793594, 7873633, 7885519, 7896557, 7911134, 7912533, 7925660, 7961931, 7989881, 8009122, 8017384, 8036046, 8045578, 8049521, 8121922, 8141312, 8186244, 8189430, 8191786, 8233261, 8293675, 8295088, 8311782, 8334980, 8342821, 8375003, 8389205, 8405131, 8407922, 8495739, 8608759, 8609205, 8615207, 8634133, 8657612, 8707052, 8709240, 8713494, 8734454, 8764665, 8769935, 8837584, 8839303, 8841954, 8849440, 8862858, 8890289, 8921839, 8974638, 8987353, 8998758, 9017105, 9153337, 9196834, 9225707, 9226402, 9257572, 9269459, 9361654, 9365394, 9380780, 9419025, 9551572, 9555644, 9569454, 9571088, 9594161, 9623022, 9658930, 9666481, 9790039, 9795243, 9810122, 9831596, 9836301, 9862632, 9928426, 10005858, 10010991, 10048317, 10059084, 10085304, 10086282, 10094617, 10098219, 10176254, 10197470, 10198777, 10199546, 10207501, 10211831, 10227060, 10253203, 10285351, 10367365, 10368504, 10371434, 10377924, 10403848, 10413232, 10414151, 10434264, 10444038, 10463325, 10562138, 10596137, 10629282, 10669833, 10692534, 10736948, 10739487, 10758246, 10793627, 10815304, 10828725, 10831960, 10881178, 10905633, 10915151, 10923992, 10925069, 10950199, 10969414, 10975568, 11032243, 11034564, 11047110, 11076853, 11098775, 11139519, 11143483, 11226284, 11266932, 11321244, 11336835, 11337282, 11351662, 11356888, 11357428, 11361635, 11426117, 11430561, 11528772, 11541097, 11543685, 11581402, 11595464, 11599956, 11660674, 11661199, 11691072, 11731098, 11763309, 11769947, 11799545, 11849528, 11850548, 11947139, 11956197, 11996921, 12048168, 12052531, 12070115, 12077538, 12106860, 12149029, 12164787, 12224847, 12251189, 12254216, 12258780, 12302762, 12479862, 12523240, 12596292, 12656573, 12737226, 12767406, 12790748, 12801731, 12836639, 12850444, 12882271, 12928832, 12934183, 12957238, 12963782, 13045479, 13082398, 13103737, 13109210, 13112562, 13203180, 13223431, 13273424, 13290381, 13317352, 13338793, 13429420, 13432066, 13480740, 13483365, 13495008, 13498014, 13579509, 13584196, 13594175, 13682938, 13714014, 13716444, 13728841, 13729190, 13745786, 13796918, 13809798, 13822371, 13854427, 13888422, 13922254, 13945468, 13953015, 14003842, 14023594, 14062490, 14090610, 14103623, 14197810, 14232440, 14274044, 14296898, 14307126, 14336162, 14342334, 14435804, 14459934, 14472727, 14525779, 14572264, 14594454, 14597285, 14628628, 14641263, 14668207, 14683829, 14688027, 14700782, 14775629, 14814300, 14836968, 14863881, 14918933, 14921060, 14942691, 14947110, 15021528, 15025824, 15046262, 15090892, 15155517, 15295620, 15307649, 15360367, 15410593, 15455685, 15472246, 15492099, 15524961, 15569736, 15594424, 15608227, 15626815, 15627613, 15721605, 15758904, 15774606, 15863869, 15939956, 16026900, 16060219, 16060261, 16087645, 16145380, 16196831, 16248124, 16287118, 16293345, 16373297, 16424666, 16435560, 16441316, 16508691, 16532955, 16546558, 16589721, 16600724, 16682674, 16745622, 16748253, 16748692, 16791442, 16792202, 16800384, 16808315, 16813584, 16851021, 16930563, 16965456, 17028223, 17093443, 17096231, 17096239, 17154345, 17182317, 17241867, 17287981, 17443701, 17572260, 17659812, 17664859, 17697642, 17726217, 17748522, 17750825, 17764165, 17767444, 17783309, 17798287, 17810931, 17819823, 17821641, 17880238, 17881619, 17957836, 18029429, 18057614, 18109656, 18112649, 18114586, 18117741, 18159680, 18224405, 18237301, 18249863, 18252201, 18352228, 18372359, 18419826, 18449130, 18470706, 18561563, 18653361, 18681507, 18769393, 18778556, 18835948, 18843804, 18919501, 18974037, 18977574, 19143458, 19151308, 19196480, 19213721, 19235202, 19251731, 19289605, 19312996, 19330582, 19363918, 19389145, 19410471, 19496291, 19497893, 19600260, 19644224, 19685376, 19732408, 19734335, 19778421, 19783277, 19822424, 19828322, 19832324, 19838061, 19944599, 19956984, 19988381, 20070937, 20120905, 20173823, 20181320, 20256779, 20266590, 20300707, 20341067, 20341266, 20354235, 20486030, 20488176, 20495151, 20499264, 20514507, 20532078, 20536350, 20645498, 20677271, 20707910, 20735547, 20777089, 20824497, 20888180, 20889239, 20996002, 21008194, 21054026, 21207972, 21213050, 21247224, 21255852, 21320365, 21340576, 21354582, 21363242, 21369178, 21391746, 21426573, 21479715, 21527107, 21568280, 21662009, 21699358, 21711312, 21841926, 21843723, 21863274, 21892985, 21911536, 21917729, 22019345, 22064352, 22105521, 22136359, 22137333, 22175894, 22263259, 22268318, 22315947, 22325502, 22347541, 22356313, 22428776, 22444013, 22447939, 22475451, 22522361, 22562940, 22600041, 22600717, 22762550, 22776100, 22794519, 22819384, 22837859, 22842626, 22909569, 22956133, 22959001, 23018252, 23025113, 23041968, 23056220, 23080902, 23111493, 23189597, 23194807, 23199075, 23216926, 23239613, 23253858, 23271732, 23361757, 23440977, 23452786, 23459274, 23470408, 23480167, 23493026, 23566477, 23616847, 23634302, 23651644, 23655232, 23732954, 23752814, 23781517, 23799664, 23800849, 23801024, 23829124, 23848797, 23898459, 23960095, 23961920, 24080646, 24114560, 24133031, 24213595, 24218747, 24254065, 24288441, 24337699, 24345657, 24397034, 24399441, 24488967, 24508998, 24512393, 24543763, 24561249, 24576905, 24681204, 24682036, 24682975, 24711834, 24760910, 24791308, 24807670, 24879017, 24900074, 24905899, 24945661, 25018160, 25054356, 25058048, 25061803, 25072784, 25078434, 25079215, 25108109, 25119694, 25186764, 25188762, 25214645, 25238011, 25242619, 25257943, 25289585, 25313446, 25315502, 25321810, 25393147, 25396691, 25412667, 25446031, 25566277, 25566806, 25577875, 25588550, 25596048, 25624280, 25646826, 25679012, 25692956, 25702106, 25734179, 25757234, 25905228, 25905249, 25949951, 25951330, 25964307, 25984269, 26027560, 26084045, 26091954, 26162781, 26174147, 26217040, 26236351, 26237146, 26254018, 26277340, 26324540, 26349377, 26398164, 26403531, 26445162, 26445245, 26447589, 26449089, 26455662, 26471753, 26487742, 26536959, 26569604, 26612485, 26641816, 26655206, 26711162, 26724942, 26788473, 26859354, 26885961, 26886317, 26931434, 26935021, 26937617, 26970738, 27035777, 27059238, 27064051, 27069176, 27103890, 27148224, 27168451, 27184678, 27273346, 27354256, 27464268, 27470987, 27547410, 27558204, 27574251, 27633604, 27644883, 27688268, 27734500, 27737589, 27770102, 27784391, 27788990, 27815108, 27828379, 27851090, 27872334, 27885648, 27889525, 27913879, 27953910, 27978626, 28078731, 28130838, 28162002, 28179998, 28217350, 28233714, 28261766, 28276513, 28288800, 28354290, 28404159, 28436495, 28486839, 28517605, 28577655, 28640257, 28662108, 28677150, 28691573, 28704262, 28714735, 28718644, 28728039, 28752592, 28827241, 28838673, 28905233, 28924178, 28952669, 28989205, 28995482, 29024010, 29029985, 29033778, 29046122, 29065884, 29108824, 29114580, 29118428, 29133742, 29137682, 29143115, 29148063, 29187431, 29195809, 29242879, 29258209, 29271636, 29295057, 29295197, 29296343, 29350172, 29381864, 29390742, 29474687, 29525839, 29619973, 29670095, 29691547, 29768568, 29816374, 29820091, 29825426, 29936859, 29942889, 29991359]
ohjelman suorittaminen kesti 3 millisekuntia

[38826, 41057, 64168, 213316, 277092, 300350, 365930, 454444, 661563, 675870, 711959, 753693, 776071, 783708, 792700, 834391, 846649, 849585, 874431, 898722, 930299, 965513, 975484, 986133, 1001683, 1076567, 1093503, 1095601, 1099979, 1138787, 1213050, 1225595, 1267855, 1297583, 1304440, 1423206, 1447792, 1500331, 1501609, 1520587, 1547946, 1633453, 1694263, 1697044, 1734287, 1737337, 1746716, 1786111, 1798435, 1813916, 1854502, 1915833, 1945660, 1957786, 1984102, 2010670, 2048941, 2084986, 2109646, 2113944, 2183561, 2221318, 2230118, 2288579, 2294583, 2301234, 2365302, 2431364, 2448517, 2487648, 2503705, 2535330, 2576617, 2606311, 2612083, 2623155, 2626935, 2661988, 2675592, 2705350, 2749716, 2774237, 2780010, 2791934, 2806338, 2807570, 2863659, 2888171, 2904761, 2934886, 2957884, 3126862, 3132979, 3163730, 3173143, 3174255, 3204435, 3212564, 3250086, 3280514, 3281075, 3312049, 3328532, 3362568, 3393312, 3414957, 3463208, 3524969, 3682555, 3775770, 3796016, 3809442, 3817189, 3870970, 3877178, 3886574, 3909742, 3976210, 4007110, 4024964, 4056512, 4079962, 4128281, 4214441, 4314099, 4325671, 4325744, 4378169, 4446299, 4517875, 4540219, 4569400, 4662569, 4709479, 4727112, 4752993, 4830209, 4849644, 4860423, 4863617, 4871519, 4922148, 5002263, 5023773, 5083330, 5096148, 5123069, 5124306, 5163079, 5304793, 5403532, 5404768, 5406820, 5456696, 5488534, 5492081, 5497890, 5541927, 5556139, 5575248, 5652543, 5659181, 5665826, 5688640, 5710151, 5718313, 5728564, 5729245, 5803869, 5850060, 5858717, 5917457, 5917913, 5918414, 5918510, 5937550, 5944191, 5986338, 5996698, 6013402, 6037956, 6057674, 6077791, 6084405, 6193619, 6251031, 6348408, 6361544, 6374325, 6405793, 6426877, 6467889, 6514811, 6519824, 6545747, 6571347, 6593474, 6594937, 6598450, 6601378, 6619038, 6674575, 6679754, 6685088, 6701170, 6723392, 6729799, 6747616, 6772634, 6863526, 6876480, 6886844, 6899391, 6923231, 6986051, 7009355, 7041017, 7051536, 7068493, 7070321, 7118586, 7130795, 7139704, 7178836, 7227992, 7238756, 7257260, 7277613, 7311168, 7314642, 7314964, 7332080, 7341457, 7405762, 7499163, 7518530, 7525908, 7544352, 7578041, 7587261, 7684310, 7761082, 7766244, 7768755, 7783789, 7791799, 7866623, 7887233, 7891038, 7898132, 7912608, 7929628, 7997460, 8004293, 8021974, 8164004, 8170015, 8266151, 8270035, 8271910, 8273139, 8315501, 8341582, 8343865, 8392178, 8501986, 8557624, 8655735, 8687347, 8687870, 8780592, 8852311, 8862449, 8901237, 8924424, 8936927, 8944974, 8952799, 8970868, 9017974, 9030691, 9118749, 9126111, 9134289, 9230144, 9233744, 9273948, 9284691, 9289689, 9329908, 9339517, 9371151, 9401005, 9457662, 9563140, 9564502, 9573941, 9601541, 9612994, 9655498, 9658111, 9693541, 9719085, 9721382, 9756717, 9767468, 9768378, 9806041, 9893805, 9948855, 9958553, 9973488, 10065144, 10081911, 10083228, 10116171, 10125746, 10151426, 10170357, 10199621, 10294109, 10302983, 10316995, 10323553, 10428109, 10477625, 10481471, 10492285, 10495372, 10514762, 10536236, 10557888, 10600876, 10622009, 10626554, 10675437, 10740025, 10742732, 10759158, 10788070, 10810136, 10811556, 10817868, 10824070, 10840529, 10850800, 10851358, 10861236, 10933814, 10966403, 11024608, 11142019, 11210486, 11215461, 11248567, 11257017, 11299486, 11336810, 11373423, 11382237, 11396870, 11398921, 11412498, 11442593, 11461645, 11523495, 11553176, 11569422, 11630302, 11690080, 11709636, 11741636, 11765962, 11779784, 11784584, 11888936, 11973226, 12004650, 12015545, 12080690, 12180955, 12187911, 12190361, 12196828, 12204939, 12235758, 12252537, 12261730, 12264812, 12277592, 12281256, 12287420, 12345364, 12365892, 12423748, 12431815, 12458622, 12466512, 12480395, 12496228, 12511825, 12607194, 12636831, 12651584, 12700788, 12717650, 12739568, 12764462, 12766030, 12902508, 12908145, 12950094, 12991406, 13003879, 13085316, 13122281, 13127196, 13200434, 13227046, 13250212, 13282400, 13313273, 13434409, 13442461, 13517680, 13531407, 13702528, 13702607, 13709867, 13745281, 13768690, 13887912, 13944265, 13950006, 13993140, 14000685, 14014722, 14046871, 14049105, 14049191, 14071722, 14094058, 14147175, 14170103, 14187911, 14218975, 14238557, 14249432, 14262996, 14279324, 14319664, 14371797, 14372201, 14376745, 14381609, 14390962, 14433757, 14442585, 14474405, 14490131, 14501700, 14579507, 14636811, 14641558, 14650054, 14670005, 14685004, 14707752, 14720753, 14793561, 14823109, 14859615, 14877912, 14900133, 14944472, 14952321, 14988388, 15009115, 15051721, 15070645, 15070872, 15074713, 15082936, 15092754, 15093974, 15120653, 15134278, 15137463, 15155098, 15166594, 15203616, 15217471, 15247266, 15250482, 15254178, 15263303, 15343063, 15355063, 15363954, 15457278, 15466218, 15469602, 15520763, 15566684, 15568932, 15571785, 15609760, 15613744, 15639812, 15659370, 15683495, 15715454, 15717316, 15750599, 15787006, 15788544, 15802220, 15858000, 15864663, 15881783, 15909057, 15937198, 16028625, 16168547, 16255921, 16261308, 16280034, 16299227, 16301968, 16303292, 16308312, 16406758, 16431058, 16438087, 16441184, 16478432, 16560356, 16591650, 16613430, 16614498, 16665605, 16672737, 16709847, 16752478, 16808473, 16831368, 16833993, 16845182, 16918613, 16924403, 16924920, 16969098, 16970823, 17010845, 17011607, 17081486, 17102943, 17133895, 17186534, 17186674, 17186801, 17238895, 17267949, 17276542, 17278386, 17278707, 17327291, 17344328, 17379426, 17389710, 17394902, 17418407, 17421021, 17431296, 17446285, 17466833, 17477318, 17511990, 17528946, 17538394, 17577147, 17585964, 17640247, 17668390, 17680059, 17695048, 17828433, 17849562, 17915293, 17937050, 17962338, 17981441, 18040534, 18082491, 18106615, 18137885, 18142821, 18170445, 18178972, 18236030, 18248877, 18346350, 18387472, 18393551, 18446156, 18446359, 18455079, 18455929, 18468313, 18501079, 18564268, 18568285, 18608006, 18622555, 18668486, 18679646, 18752861, 18792873, 18828898, 18859880, 18865684, 18903299, 18931165, 18948058, 18970031, 18970966, 18996867, 19009189, 19011649, 19032634, 19054825, 19087801, 19199369, 19219947, 19242784, 19260629, 19291129, 19321189, 19368977, 19408620, 19426011, 19479193, 19487261, 19551956, 19558909, 19577279, 19581772, 19593139, 19596602, 19606298, 19663898, 19691222, 19706782, 19708636, 19718960, 19740647, 19752536, 19808925, 19828597, 19887996, 19915901, 19936705, 19950205, 19952791, 19965311, 20014658, 20044346, 20057411, 20060744, 20153685, 20177460, 20214804, 20223577, 20321793, 20333246, 20370272, 20394718, 20414982, 20464642, 20478285, 20546359, 20600323, 20685542, 20731240, 20771161, 20772374, 20795298, 20865841, 20913207, 20920603, 20943287, 20996964, 20998265, 21034756, 21099549, 21123347, 21126821, 21157161, 21158628, 21185039, 21238770, 21260881, 21283815, 21306076, 21309810, 21339971, 21348297, 21421445, 21438209, 21454334, 21456189, 21462070, 21481511, 21557825, 21582097, 21645936, 21646528, 21695661, 21697115, 21704291, 21733174, 21733501, 21733812, 21739900, 21814311, 21831680, 21927744, 21950166, 21953901, 21966872, 21970837, 21988829, 22074570, 22078321, 22090511, 22112804, 22155358, 22158193, 22158939, 22167142, 22174063, 22185678, 22198272, 22216177, 22231308, 22233685, 22277645, 22298422, 22346537, 22385787, 22399045, 22413541, 22469414, 22472157, 22533835, 22534637, 22589223, 22592078, 22624795, 22627343, 22629195, 22646628, 22680185, 22686556, 22702248, 22705058, 22706642, 22724145, 22730627, 22750889, 22813282, 22828657, 22836170, 22836231, 22857825, 22858668, 22876549, 22887314, 22900596, 22916897, 22923658, 22949283, 22961709, 23012745, 23064757, 23081062, 23090970, 23111244, 23239183, 23254373, 23272395, 23275086, 23299238, 23351358, 23361759, 23384925, 23403593, 23422018, 23436447, 23447739, 23475148, 23496738, 23508274, 23513837, 23669925, 23672462, 23703633, 23742556, 23804251, 23844108, 23887932, 23898055, 23924698, 23939101, 23944024, 23948097, 23956953, 23957770, 23972454, 23983026, 24067182, 24073597, 24100656, 24109175, 24162124, 24179588, 24200228, 24264135, 24267645, 24272005, 24343173, 24347418, 24387411, 24408781, 24432369, 24458347, 24466386, 24490191, 24501148, 24539474, 24546396, 24597859, 24609757, 24641479, 24651572, 24652096, 24662037, 24700208, 24732011, 24740934, 24745095, 24752180, 24754349, 24766454, 24773067, 24776015, 24782257, 24826911, 24881138, 24976941, 25044021, 25101971, 25194049, 25244407, 25249802, 25254890, 25289156, 25297982, 25355425, 25395437, 25417209, 25467188, 25479364, 25507609, 25524921, 25586082, 25653454, 25677922, 25733919, 25839097, 25991631, 26046833, 26076404, 26082833, 26151888, 26208574, 26215373, 26220465, 26222456, 26298698, 26364394, 26399797, 26546500, 26601049, 26612312, 26676237, 26696068, 26727595, 26747055, 26799811, 26817913, 26828312, 26844243, 26846513, 26872913, 26873133, 26950523, 27064594, 27096336, 27127909, 27141317, 27161963, 27165267, 27170180, 27203401, 27235870, 27264766, 27279692, 27292460, 27303026, 27323423, 27337931, 27346835, 27352795, 27356962, 27403311, 27418570, 27434316, 27443689, 27470989, 27590574, 27628234, 27634580, 27641798, 27705004, 27727705, 27806741, 27842942, 27864895, 27869065, 27874890, 27878446, 27961896, 27962698, 27971896, 28002209, 28009334, 28030668, 28046077, 28059763, 28059964, 28083210, 28120605, 28139424, 28162581, 28221894, 28263389, 28369768, 28379484, 28409693, 28430991, 28450786, 28556145, 28687236, 28699004, 28717254, 28729709, 28736403, 28924524, 28995063, 29013676, 29018506, 29053569, 29066269, 29089964, 29108611, 29116984, 29174150, 29204003, 29345592, 29386998, 29387916, 29390051, 29437638, 29439886, 29453032, 29502306, 29506896, 29541463, 29563133, 29622846, 29652095, 29682788, 29698490, 29741907, 29772381, 29828353, 29911782, 29932648, 29986019]
ohjelman suorittaminen kesti 4 millisekuntia

[10694, 13483, 14337, 19575, 51006, 61897, 99152, 112108, 145567, 230785, 274071, 350627, 390603, 400343, 427828, 431535, 495004, 525030, 630129, 648082, 670326, 708071, 717450, 751213, 751232, 783961, 792186, 845801, 848905, 871856, 876706, 882894, 899141, 930788, 933351, 948272, 1008517, 1087513, 1115910, 1121875, 1187956, 1224508, 1232152, 1273908, 1278976, 1281781, 1285532, 1303403, 1322384, 1341181, 1351303, 1374617, 1397105, 1416619, 1446919, 1571861, 1609048, 1649086, 1667103, 1676164, 1709260, 1715958, 1760963, 1779044, 1888125, 1926932, 2040694, 2050971, 2059461, 2114754, 2142130, 2174491, 2276616, 2278444, 2288525, 2290326, 2342946, 2350675, 2381567, 2416595, 2456839, 2465188, 2517025, 2630457, 2639962, 2696117, 2701753, 2709889, 2739085, 2857046, 2859952, 2875354, 2898071, 2915703, 2928371, 2930161, 2960670, 2962910, 2966914, 3005861, 3015822, 3046641, 3056358, 3081904, 3113477, 3147858, 3177477, 3223091, 3227236, 3228111, 3262341, 3278713, 3289370, 3301224, 3423821, 3501747, 3543946, 3622092, 3651055, 3665393, 3687766, 3693230, 3700517, 3700605, 3713094, 3716582, 3725830, 3737675, 3737858, 3741143, 3756741, 3778455, 3791546, 3817468, 3826210, 3843502, 3880000, 3902523, 3919403, 3940864, 3945137, 3948167, 3978904, 4013447, 4017513, 4038107, 4043816, 4045102, 4061133, 4080331, 4095649, 4127221, 4134799, 4188910, 4192897, 4203593, 4227296, 4281182, 4287677, 4293808, 4339368, 4339783, 4344069, 4349817, 4415630, 4433851, 4443916, 4459530, 4500271, 4517126, 4517845, 4526067, 4545469, 4571811, 4641792, 4649832, 4660998, 4683353, 4741953, 4773830, 4786692, 4804849, 4805326, 4805842, 4811515, 4812171, 4861778, 4961825, 4969791, 4997388, 5008886, 5016734, 5037522, 5099954, 5105940, 5159130, 5217278, 5242372, 5245859, 5284282, 5299051, 5314631, 5357847, 5393277, 5431740, 5470096, 5481454, 5502826, 5511213, 5562015, 5571020, 5580139, 5643961, 5743012, 5771795, 5811771, 5934942, 5980595, 6003061, 6216838, 6217156, 6234346, 6237191, 6238025, 6262834, 6323712, 6355977, 6364483, 6366224, 6371425, 6402425, 6405585, 6407798, 6419471, 6431405, 6438870, 6458295, 6482358, 6541368, 6606171, 6644984, 6702596, 6706656, 6770647, 6778131, 6807564, 6816953, 6855072, 6858382, 6878175, 6950328, 6951491, 6977890, 6985712, 7090031, 7114587, 7114872, 7177721, 7180748, 7198281, 7255048, 7407166, 7449800, 7485698, 7489400, 7517640, 7594173, 7613925, 7657265, 7661369, 7724275, 7745812, 7751079, 7782200, 7807188, 7813125, 7844960, 7931939, 7960017, 8030340, 8084485, 8174441, 8194221, 8220808, 8238546, 8239470, 8380191, 8408275, 8452041, 8489084, 8499703, 8542367, 8566170, 8679030, 8708654, 8765536, 8780957, 8781078, 8791762, 8828893, 8905125, 8932402, 8954696, 8974093, 8977171, 8985774, 9015682, 9027464, 9034501, 9061005, 9070618, 9095233, 9097429, 9102799, 9137007, 9145361, 9163570, 9200279, 9262724, 9263604, 9263795, 9283805, 9383998, 9391122, 9448174, 9479035, 9493504, 9513453, 9530403, 9542769, 9620161, 9687089, 9735782, 9780658, 9786921, 9788315, 9798893, 9808874, 9828569, 9837524, 9845821, 9869851, 9885897, 9903513, 9905194, 10000382, 10030473, 10135770, 10170176, 10200131, 10245524, 10262581, 10314026, 10315923, 10342984, 10356959, 10415646, 10421927, 10444903, 10455706, 10465197, 10478461, 10484893, 10487579, 10554286, 10563847, 10590190, 10624600, 10678931, 10681014, 10748569, 10764308, 10776201, 10828044, 10844980, 10878418, 10919083, 10929620, 10956470, 10968617, 11002070, 11067984, 11079793, 11126259, 11156671, 11187654, 11227532, 11265771, 11344585, 11405716, 11410176, 11426680, 11449491, 11461921, 11469987, 11502223, 11615410, 11658333, 11664109, 11695757, 11705159, 11713727, 11737482, 11741484, 11749585, 11756460, 11782146, 11791321, 11896409, 11980057, 12024445, 12025784, 12039988, 12068368, 12114219, 12126282, 12163380, 12230885, 12251862, 12265654, 12267793, 12288943, 12289161, 12305958, 12344776, 12388928, 12416869, 12429810, 12454237, 12632458, 12638680, 12638823, 12697604, 12719490, 12820041, 12846084, 12853140, 12870526, 12929500, 12947760, 13010247, 13025622, 13036478, 13073526, 13075926, 13076750, 13086836, 13140800, 13199637, 13225749, 13254915, 13279160, 13292020, 13299788, 13344519, 13347857, 13382547, 13492883, 13519084, 13526304, 13564733, 13605081, 13611086, 13627211, 13656547, 13685073, 13689320, 13693205, 13772821, 13847129, 13908738, 13918413, 13949222, 13984808, 14005051, 14006629, 14020464, 14025243, 14065332, 14081255, 14085602, 14103770, 14107105, 14112702, 14119521, 14267953, 14308404, 14315859, 14394679, 14491035, 14562954, 14603196, 14675280, 14725567, 14760463, 14775096, 14795786, 14800152, 14802643, 14819846, 14839272, 14846651, 14863999, 14928551, 14968890, 14973870, 14995918, 15036733, 15088965, 15106601, 15114317, 15125578, 15159721, 15190496, 15207730, 15241545, 15315450, 15367445, 15405960, 15463475, 15559667, 15575431, 15610667, 15683761, 15742930, 15778122, 15796293, 15802221, 15867757, 15903471, 15918752, 15934654, 15949577, 15968531, 15990913, 16115307, 16136603, 16145614, 16193835, 16210364, 16242181, 16271207, 16281174, 16328151, 16329740, 16340038, 16346737, 16371388, 16416846, 16437945, 16496047, 16621182, 16680722, 16689362, 16692337, 16698783, 16758200, 16772534, 16824946, 16834984, 16862662, 16907027, 16931921, 16932627, 16993603, 17029768, 17202532, 17203050, 17237142, 17238792, 17281671, 17302328, 17312492, 17336239, 17366023, 17370470, 17375590, 17405663, 17437158, 17449973, 17469607, 17471581, 17505461, 17653718, 17734896, 17736462, 17762870, 17763582, 17771310, 17797521, 17799594, 17813386, 17831865, 17888729, 17930835, 17948117, 17960331, 17974859, 17977015, 17991653, 18026189, 18038060, 18048313, 18061643, 18080015, 18100220, 18156624, 18182752, 18194927, 18206017, 18235611, 18267748, 18291051, 18330833, 18336323, 18384958, 18385760, 18413580, 18442422, 18469789, 18470224, 18537783, 18553361, 18560229, 18654952, 18659099, 18716316, 18735078, 18759128, 18809771, 18812898, 18827234, 18853177, 18856243, 18857657, 18887504, 18889417, 18900670, 18939518, 18949652, 18958292, 18966540, 18983019, 19007701, 19014597, 19065444, 19073755, 19089843, 19097683, 19098420, 19099548, 19199203, 19209869, 19247641, 19330522, 19337815, 19353155, 19375861, 19427007, 19431805, 19477063, 19539614, 19569689, 19570880, 19599349, 19624973, 19639219, 19639259, 19678415, 19750280, 19765715, 19792083, 19823110, 19848159, 19867558, 19987491, 20042368, 20108128, 20170294, 20236462, 20252017, 20262966, 20266163, 20296835, 20306024, 20332505, 20333009, 20337783, 20373193, 20374473, 20394839, 20402423, 20414111, 20420167, 20442532, 20447299, 20492950, 20509054, 20543325, 20615080, 20631486, 20671392, 20682298, 20700527, 20745991, 20768686, 20783269, 20786373, 20816048, 20852066, 20871382, 20912654, 20987373, 21013288, 21014995, 21055862, 21065066, 21069032, 21088509, 21104606, 21113726, 21156450, 21160830, 21186965, 21192818, 21252293, 21284234, 21353575, 21370299, 21375587, 21402937, 21486310, 21500784, 21518570, 21541406, 21581726, 21632179, 21634233, 21763351, 21780909, 21855205, 21869775, 21910499, 22030129, 22048138, 22116303, 22146259, 22212819, 22272672, 22298819, 22403202, 22417467, 22420380, 22510983, 22578736, 22605451, 22655645, 22702847, 22750851, 22777440, 22862618, 22874337, 22890931, 22932935, 22990442, 22997153, 22999315, 23067612, 23090606, 23098594, 23112608, 23120014, 23120645, 23163300, 23172737, 23172912, 23180195, 23198981, 23201524, 23263993, 23321266, 23382145, 23435210, 23435551, 23440137, 23453420, 23454309, 23480343, 23501598, 23528675, 23535492, 23575365, 23596735, 23667853, 23671802, 23694156, 23704206, 23715396, 23725683, 23726596, 23755780, 23820473, 23831743, 23842709, 23897744, 23899335, 23900941, 23905698, 23933460, 23946321, 23950261, 24040135, 24077812, 24122903, 24171225, 24174980, 24187348, 24203077, 24260661, 24263531, 24293054, 24441099, 24468812, 24500524, 24510817, 24513524, 24547777, 24593895, 24620066, 24732231, 24733760, 24738001, 24740809, 24753726, 24756569, 24761494, 24763325, 24791663, 24812543, 24818990, 24832795, 24976013, 24995761, 25013083, 25045356, 25071794, 25078936, 25082592, 25131464, 25136587, 25222083, 25243835, 25245988, 25268633, 25277217, 25340154, 25367696, 25424746, 25437021, 25521677, 25532007, 25545969, 25552505, 25553606, 25584971, 25624514, 25638747, 25686603, 25720555, 25753667, 25758417, 25795982, 25901952, 25951189, 25956242, 25985926, 25999551, 26016990, 26047235, 26074049, 26083423, 26116234, 26122303, 26127273, 26128947, 26149620, 26158188, 26221411, 26246971, 26259593, 26272639, 26274706, 26373058, 26449422, 26557130, 26565828, 26580111, 26595899, 26624771, 26630539, 26660134, 26664352, 26676163, 26686369, 26750958, 26765275, 26767326, 26785154, 26842067, 26844686, 26850034, 26878725, 26891453, 26900030, 26902269, 26937093, 26958181, 26975161, 27009238, 27040553, 27092757, 27153307, 27197523, 27208822, 27219197, 27273263, 27305061, 27342137, 27365029, 27440200, 27462954, 27502809, 27517939, 27546267, 27557258, 27559480, 27633690, 27655703, 27664125, 27676974, 27693661, 27698082, 27700045, 27737523, 27793720, 27845411, 27854824, 27862054, 27909293, 27919048, 27949373, 27966241, 28017132, 28192742, 28290542, 28460428, 28498464, 28499731, 28507811, 28519388, 28563139, 28580765, 28644840, 28652410, 28657514, 28737871, 28768342, 28807779, 28843016, 28888104, 28898575, 28921720, 28959098, 28975498, 28995640, 29066206, 29094767, 29308202, 29314147, 29316229, 29395593, 29399086, 29434610, 29447830, 29509541, 29516326, 29532221, 29596524, 29763430, 29766445, 29777699, 29789429, 29811193, 29846741, 29856918, 29864738, 29884089, 29904180, 29933686, 29995732]
ohjelman suorittaminen kesti 4 millisekuntia



Insertion sort 100 muuttujan mittaukset:

[486808, 641751, 1185750, 1520665, 1655514, 2068250, 2123695, 2242768, 2402706, 2575747, 3301231, 3452107, 4314472, 4578979, 4606265, 4607180, 4837575, 5093001, 5294252, 5501760, 6152757, 6491992, 6575605, 6827331, 7030478, 7209846, 7500006, 7506826, 7827663, 8419176, 8685509, 8775422, 9488362, 9560777, 10207230, 10339384, 10880273, 11254000, 11771497, 11961137, 12121896, 12487973, 12559556, 12647796, 13277264, 13367813, 13438823, 13601122, 14051157, 14595361, 15151448, 15195953, 15305133, 15552168, 15908092, 15930218, 16181535, 16620529, 17121276, 17430464, 17821488, 18352824, 18530328, 18919158, 19142100, 19312809, 19847244, 20421978, 20640586, 20888503, 21945314, 21976186, 22524295, 22837573, 23117522, 23342503, 23445320, 23767663, 23823020, 24314430, 24572601, 24991984, 25096651, 25673692, 25736336, 25901665, 26324648, 26576200, 26949075, 27107758, 27219283, 27418347, 27658001, 27676195, 28132704, 28177555, 28675043, 29123079, 29277826, 29354410]
ohjelman suorittaminen kesti 0 millisekuntia

[396664, 659569, 1235483, 1352671, 1489488, 1806632, 2517009, 2824235, 3021964, 3117130, 3504508, 3895657, 4156788, 4298336, 4511688, 5152000, 5765527, 5787473, 6656901, 6945040, 7427033, 7485830, 7687700, 7937416, 7952767, 7999660, 8172817, 8488137, 8576633, 8899564, 9033528, 9070501, 9103352, 9747194, 9972494, 10493476, 10765037, 11311794, 11410829, 11605098, 11807964, 11984656, 12357781, 12463257, 12463641, 12808881, 12861037, 13067093, 13162837, 13379025, 14182069, 14366984, 14445555, 14541889, 14653236, 14825418, 14887599, 15556208, 15793328, 16137779, 16329353, 16925698, 16931856, 17543723, 17560049, 17625156, 17951807, 18032662, 18043397, 18436205, 18956689, 18977908, 19309908, 19367267, 19877744, 19973353, 20605233, 21085769, 21115011, 21144023, 22131760, 22183076, 23058574, 23481382, 23736771, 23923912, 24513158, 24605080, 25029236, 25628041, 25911999, 26061590, 26252389, 26392798, 26398168, 27570539, 27628315, 28237631, 28744069, 29426956]
ohjelman suorittaminen kesti 0 millisekuntia

[242019, 255908, 590638, 1324783, 2241065, 2733353, 2819606, 2865596, 3052774, 3297755, 3438634, 4210092, 4236415, 5112329, 5203807, 5275738, 5700322, 5743085, 6204124, 6457850, 6543560, 6623321, 6644445, 7813213, 8132197, 8595259, 9238761, 10092458, 10166337, 10452984, 11214344, 11274775, 11499172, 11617832, 11682992, 11717930, 12211146, 12285385, 12886938, 13273533, 13620193, 13632621, 13747525, 13749314, 13838345, 14197032, 14369086, 14559998, 14726553, 14757481, 15235335, 15443591, 15510720, 15722115, 15974711, 16649303, 17083147, 17264263, 17401714, 17822272, 18029997, 18281251, 18566291, 18620688, 18918021, 19066105, 19612158, 19614983, 20104213, 20410515, 20629630, 20901566, 21654728, 21852650, 21906804, 22027632, 22467959, 23086056, 23646579, 23655104, 23710721, 24053038, 24659600, 24910675, 24960000, 25442935, 25784388, 25924107, 26419610, 26481052, 27553399, 27716000, 27986897, 28511316, 28541743, 28847807, 29038235, 29273338, 29421636, 29507743]
ohjelman suorittaminen kesti 0 millisekuntia

[268442, 390328, 474139, 507001, 677513, 771551, 990165, 1136380, 1304022, 1398694, 1686404, 1866239, 2159883, 2602340, 3608627, 3865561, 3897133, 4702415, 4776210, 4781459, 4842278, 5144029, 5493057, 5530028, 6081320, 6138069, 6174121, 6858101, 7149351, 7553465, 7711330, 7770035, 7774837, 8371064, 8479330, 8539397, 9353077, 9418894, 9482625, 9575715, 9975905, 9977652, 10343310, 10830850, 11471775, 11685702, 12664055, 12678838, 12708328, 12845855, 12921763, 14470020, 15245480, 15318716, 15467108, 15534237, 15695609, 16101340, 16443516, 16726472, 17083969, 18150398, 18218511, 18450611, 18606775, 18870387, 19255381, 19290257, 19392023, 20306683, 20758101, 20978988, 21106187, 21225364, 21542143, 21627158, 21672019, 22583159, 22759618, 23011192, 23706574, 24128761, 24168901, 24529910, 24547282, 24795150, 24888553, 24895502, 25320757, 25398681, 25799393, 26444782, 27115490, 27510472, 28090506, 28332425, 28665674, 28676204, 28733142, 29978203]
ohjelman suorittaminen kesti 0 millisekuntia

[590637, 767415, 927824, 1130521, 1480859, 1520258, 2246843, 2425466, 2500607, 2925522, 3096837, 3581701, 3653794, 3867078, 3956341, 3962426, 4145511, 4630878, 5190366, 5431059, 5830967, 5938771, 6982981, 7479183, 7603708, 7638654, 7667980, 7746282, 8592445, 9014957, 9062334, 9560316, 9696823, 9788405, 9826097, 9848163, 10600800, 10653249, 10763143, 11006524, 11014519, 11468340, 11664855, 12365610, 13149850, 13184991, 13341786, 13889187, 14895518, 15438541, 15574823, 16194979, 16569133, 16872935, 16932575, 17278077, 17497298, 17739155, 18043751, 18641049, 19023296, 19149880, 19589188, 19635555, 19897181, 20701905, 21471309, 21481539, 21898112, 21972427, 22170938, 22386242, 22837820, 23064423, 23306070, 23755897, 23924724, 23966325, 24166456, 24209532, 24587537, 25162264, 25452331, 25626502, 25697817, 25745511, 26268660, 26571276, 26777999, 27120417, 28203385, 28356645, 28452545, 28537614, 28620968, 28693234, 29229988, 29382003, 29555410, 29886560]
ohjelman suorittaminen kesti 0 millisekuntia



Insertion sort 500 muuttujan mittaukset:

[12588, 13621, 23774, 45917, 48707, 157387, 207040, 218262, 295018, 312836, 333872, 337779, 439333, 440190, 477535, 487378, 506286, 563497, 580483, 612628, 813089, 864646, 904023, 1005669, 1020514, 1116970, 1197114, 1254523, 1275555, 1363392, 1398535, 1439251, 1482714, 1662976, 1692046, 1827188, 1851926, 2076964, 2229837, 2307810, 2313633, 2377796, 2429481, 2494624, 2606954, 2610306, 2730570, 2751375, 2795779, 2814184, 2835067, 2893878, 2899968, 2980942, 3140403, 3154268, 3194999, 3226382, 3318974, 3404992, 3434777, 3504423, 3512092, 3598120, 3646415, 3754778, 3765858, 3775472, 4131475, 4163108, 4376356, 4430790, 4463663, 4470670, 4688399, 4791059, 4872345, 4947488, 4986899, 5004649, 5033981, 5288139, 5295424, 5336088, 5357157, 5409345, 5537614, 5537843, 5542476, 5582968, 5675190, 5764678, 5799095, 5817229, 5860078, 5885404, 5895728, 5916648, 6045979, 6059063, 6066673, 6076104, 6132937, 6148866, 6149389, 6187674, 6233708, 6335781, 6385927, 6420825, 6462195, 6465613, 6489674, 6607763, 6610036, 6885836, 7007510, 7058390, 7151641, 7184549, 7400017, 7464748, 7465231, 7727521, 7775507, 7818504, 7856252, 7944856, 7982135, 8007974, 8015250, 8033981, 8077740, 8091267, 8112849, 8158987, 8221238, 8289939, 8347393, 8438031, 8452159, 8527775, 8572752, 8587967, 8604338, 8622427, 8668524, 8716434, 8723657, 8767124, 8817950, 8965527, 8979815, 9016728, 9039586, 9043477, 9206161, 9238477, 9246588, 9257519, 9331269, 9414293, 9429092, 9447010, 9532200, 9553835, 9569913, 9691250, 9699074, 9952272, 9977413, 9982912, 10023916, 10041555, 10068988, 10096919, 10099165, 10114058, 10205951, 10240070, 10309881, 10338874, 10399157, 10418871, 10433651, 10512636, 10568750, 10768844, 10777172, 10781426, 10803711, 11039437, 11058086, 11059222, 11298155, 11331677, 11477439, 11527677, 11598801, 11603128, 11663808, 11703143, 11760063, 11779737, 12048051, 12171511, 12182228, 12321328, 12444100, 12453320, 12591450, 12668576, 12680797, 12702268, 12735541, 12766525, 12803874, 12999315, 13357188, 13453236, 13472559, 13689926, 13724891, 13896422, 13986353, 14018961, 14022427, 14124897, 14128196, 14132067, 14134898, 14169066, 14274462, 14379377, 14404357, 14509018, 14567139, 14580791, 14583780, 14593314, 14686577, 14825714, 14843767, 14865015, 14932456, 14950265, 15000882, 15147131, 15211904, 15231344, 15278555, 15301086, 15326678, 15358574, 15401714, 15427076, 15449952, 15503381, 15566323, 15582608, 15617717, 15652006, 15659726, 15808913, 15922242, 16085446, 16111203, 16119029, 16122577, 16156912, 16173113, 16328965, 16339701, 16356774, 16520509, 16523025, 16539968, 16777820, 16786201, 16864628, 16964326, 17141105, 17159875, 17166086, 17210639, 17210675, 17282951, 17343640, 17420868, 17434766, 17520488, 17532992, 17679447, 17737797, 17744195, 17877245, 17961545, 17970732, 18082348, 18100377, 18103309, 18142381, 18188391, 18203911, 18245440, 18277768, 18279730, 18295402, 18303966, 18409782, 18420470, 18447918, 18503471, 18579411, 18586675, 18729929, 18793070, 18866460, 18873138, 18900853, 18972668, 19111307, 19184087, 19205322, 19221997, 19274707, 19311104, 19327091, 19377814, 19385512, 19534378, 19548015, 19559109, 19566816, 19583361, 19597415, 19712639, 19731356, 19791342, 19832071, 19871657, 19991816, 19994701, 20045881, 20046270, 20179596, 20181996, 20207591, 20211928, 20219560, 20249603, 20364652, 20369030, 20375773, 20396402, 20398100, 20495231, 20610661, 20652714, 20734752, 20746749, 20960861, 20988522, 21019146, 21162968, 21176294, 21408289, 21414660, 21512710, 21596179, 21621684, 21744996, 21753051, 21773428, 21774127, 21790759, 21796922, 21870648, 21938292, 22079801, 22159357, 22165920, 22264535, 22268031, 22351533, 22368292, 22538142, 22639807, 22733792, 22786059, 22834091, 22856036, 22897556, 23059904, 23142131, 23152007, 23158236, 23164560, 23208338, 23463012, 23524252, 23605030, 23616121, 23651663, 23652702, 23680884, 23890685, 23951295, 24023429, 24142266, 24269514, 24300902, 24457400, 24570139, 24625311, 24776356, 24899368, 24900108, 24927257, 25173030, 25279679, 25337686, 25623887, 25638694, 25649465, 25779824, 25903616, 25996934, 26006351, 26030001, 26087366, 26092561, 26131169, 26142583, 26175481, 26205838, 26271169, 26298922, 26320417, 26320528, 26354451, 26379408, 26388502, 26545050, 26718732, 26741870, 26754743, 27005996, 27018059, 27034009, 27142833, 27196094, 27255725, 27369276, 27392521, 27461377, 27517473, 27537853, 27562989, 27670160, 27702445, 27726354, 27737845, 27777820, 27823663, 27893774, 27904130, 27986834, 28006059, 28059935, 28067264, 28168773, 28173075, 28279229, 28327008, 28327272, 28363855, 28379368, 28445688, 28473095, 28489923, 28705756, 28783672, 28789154, 28833714, 28981983, 28985345, 29021187, 29110650, 29134808, 29201998, 29244618, 29245376, 29572143, 29608261, 29676266, 29681548, 29802151, 29852000, 29967497]
ohjelman suorittaminen kesti 2 millisekuntia

[11328, 32307, 207865, 259608, 321239, 330404, 397841, 484193, 523454, 525171, 590942, 607368, 642382, 687535, 700347, 712594, 798361, 870653, 985557, 987170, 1007883, 1118487, 1150632, 1178073, 1258914, 1332421, 1404411, 1416084, 1510262, 1516340, 1675174, 1676438, 1693262, 1698771, 1724485, 1822580, 1837717, 1935991, 1950687, 2064197, 2110130, 2122889, 2182268, 2219478, 2248017, 2269159, 2333821, 2364672, 2410167, 2444435, 2456799, 2513601, 2518139, 2524125, 2558924, 2619360, 2678895, 2823993, 2846502, 3004960, 3023611, 3028645, 3090708, 3096058, 3261935, 3384832, 3426764, 3505772, 3661699, 3916340, 4087283, 4121197, 4130990, 4367243, 4518093, 4596689, 4685997, 4851781, 5012592, 5025072, 5221921, 5277912, 5296233, 5328120, 5330494, 5394281, 5408259, 5707958, 5710696, 5718671, 5733817, 5816205, 5876321, 5887598, 5976797, 6071342, 6223900, 6226958, 6253002, 6370129, 6379361, 6423067, 6497783, 6518554, 6617898, 6685893, 6714021, 6865349, 6929485, 6930838, 7073101, 7080750, 7096212, 7106367, 7169542, 7206198, 7254996, 7344517, 7546032, 7549575, 7588584, 7590794, 7610915, 7643364, 7653655, 7669100, 7709022, 7718242, 7742653, 7759299, 7854753, 7901139, 7980524, 8053906, 8143420, 8153165, 8167225, 8186004, 8240978, 8263017, 8323927, 8393775, 8408460, 8523594, 8546983, 8575371, 8645172, 8660827, 8779941, 8784613, 8876566, 8929477, 9040216, 9064478, 9069306, 9284649, 9465204, 9508357, 9547493, 9735622, 9741784, 9776584, 9804067, 9862175, 9897458, 9904111, 9919600, 9935899, 10031633, 10075764, 10150948, 10220893, 10410926, 10512817, 10522252, 10558417, 10628252, 10745794, 10754658, 10763896, 10926145, 11125178, 11278243, 11292785, 11427357, 11508743, 11571890, 11612524, 11695804, 11732872, 11745946, 11793513, 12041108, 12042891, 12065601, 12126635, 12198009, 12204960, 12239749, 12240415, 12307341, 12387561, 12537059, 12686082, 12757749, 12846735, 12868444, 12917100, 12947660, 13020839, 13176792, 13377956, 13384539, 13411422, 13584328, 13592958, 13615549, 13662469, 13678150, 13717661, 13725445, 13757788, 13787831, 13821280, 13945396, 14030203, 14061443, 14066817, 14074029, 14112273, 14139463, 14289295, 14394800, 14485165, 14525541, 14528380, 14537243, 14540473, 14588380, 14668771, 14698304, 14727451, 14811544, 14865055, 14891634, 14933539, 14940929, 14953175, 14974046, 14981985, 15002089, 15072691, 15230543, 15290139, 15301299, 15337447, 15392868, 15430667, 15479680, 15606380, 15611114, 15615048, 15644170, 15686551, 15773493, 16038438, 16062274, 16069309, 16182481, 16232309, 16249004, 16260123, 16271412, 16302360, 16455471, 16517839, 16530773, 16550282, 16592818, 16604574, 16614407, 16689582, 16785461, 17011120, 17013499, 17126728, 17142069, 17215221, 17326185, 17328174, 17364351, 17553975, 17683115, 17686633, 17712272, 17737120, 17811168, 17874226, 17887927, 17960660, 18038418, 18091519, 18103624, 18296064, 18323842, 18367207, 18433295, 18522149, 18676292, 18708966, 18729077, 18741598, 18766992, 18786707, 18880258, 18890344, 18906439, 18928787, 18983641, 19051887, 19345816, 19360604, 19384932, 19423119, 19428086, 19433753, 19443538, 19491833, 19514690, 19569485, 19811539, 19976922, 20134238, 20228713, 20261345, 20300516, 20305888, 20380541, 20682830, 20730081, 20822536, 20824156, 20890859, 20970289, 21052211, 21053451, 21140948, 21186451, 21249592, 21301874, 21343394, 21438605, 21531058, 21565783, 21588403, 21645020, 21846724, 21872872, 21885052, 21893156, 21911604, 21949901, 22033626, 22162250, 22176243, 22204662, 22423247, 22448009, 22466546, 22530419, 22581164, 22623172, 22711742, 22726716, 22772222, 22790205, 22846282, 22977264, 23003238, 23053598, 23123601, 23166038, 23252280, 23273625, 23280816, 23437880, 23443588, 23521885, 23569610, 23607590, 23716441, 23766791, 23842014, 23921443, 23956983, 24073881, 24101647, 24119995, 24121114, 24130805, 24169531, 24436079, 24528588, 24568536, 24679071, 24694254, 24713555, 24930366, 24967089, 25005259, 25053799, 25111093, 25175365, 25247501, 25264740, 25287075, 25297471, 25382349, 25385371, 25404010, 25443928, 25478267, 25544179, 25607655, 25850132, 25904936, 25924441, 25958120, 25980493, 25993605, 26018280, 26075091, 26120409, 26162403, 26243409, 26278733, 26294908, 26398009, 26469573, 26486482, 26551222, 26612543, 26676994, 26693016, 26711873, 26733385, 26762887, 26863592, 26921853, 26954388, 26962131, 26976338, 26976530, 26977044, 26989946, 27161755, 27215530, 27278685, 27340263, 27413564, 27607104, 27653060, 27657617, 27693731, 27730203, 27925775, 28023380, 28149193, 28157404, 28230364, 28263303, 28314882, 28437029, 28597438, 28621243, 28714076, 28764960, 28775421, 28787983, 28912024, 28915172, 28927117, 28932833, 28973848, 28979231, 29119690, 29123539, 29161182, 29185437, 29207442, 29216397, 29361932, 29410786, 29429673, 29469613, 29512496, 29697314, 29791302, 29941128, 29957652]
ohjelman suorittaminen kesti 2 millisekuntia

[24144, 34392, 58335, 95111, 180548, 302689, 354566, 436355, 468856, 589499, 605487, 628509, 741065, 744519, 797188, 799455, 834068, 835014, 903559, 959555, 978041, 1012389, 1141888, 1149422, 1191942, 1284113, 1348317, 1364103, 1442503, 1486537, 1503815, 1559417, 1645873, 1728329, 1746796, 1771448, 1822591, 1868455, 1940471, 1941572, 1949290, 1956796, 2099540, 2166465, 2180579, 2210810, 2362526, 2426583, 2486108, 2494947, 2656739, 2712316, 2733474, 2825161, 3019866, 3027083, 3052729, 3074851, 3081426, 3082678, 3171227, 3208777, 3376234, 3525114, 3776699, 3815564, 3839982, 3861845, 3873517, 3878984, 4025220, 4161240, 4199096, 4241929, 4261281, 4366995, 4432868, 4438348, 4464589, 4491511, 4547115, 4549832, 4553425, 4586172, 4748044, 4781922, 4803767, 4831508, 4867982, 4928892, 4938617, 4988221, 5076323, 5086971, 5090299, 5097432, 5101673, 5190808, 5254222, 5267719, 5299813, 5308017, 5341877, 5426528, 5597993, 5649835, 5669179, 5745496, 5794346, 5912825, 5951572, 5954497, 5984102, 5999121, 6057208, 6116793, 6149529, 6204773, 6217575, 6274506, 6302915, 6375524, 6376583, 6437333, 6513316, 6602678, 6666418, 6677451, 6687020, 6828306, 6828325, 6875264, 6950337, 6996616, 7055986, 7057870, 7066917, 7191649, 7266550, 7348107, 7419479, 7424582, 7536208, 7544456, 7562707, 7773519, 7795486, 7807036, 7938643, 7938761, 7976646, 7989417, 8011004, 8073219, 8084415, 8110283, 8119072, 8119216, 8233508, 8296656, 8465839, 8503567, 8511271, 8544135, 8552471, 8571091, 8634879, 8739151, 8834371, 8871913, 8878183, 9020994, 9047102, 9070361, 9405880, 9463209, 9761715, 9775711, 9807684, 9970507, 9998254, 9999132, 10040172, 10056294, 10171914, 10175745, 10276273, 10369931, 10405594, 10425522, 10465241, 10508118, 10519698, 10549882, 10613644, 10780190, 10862188, 10901666, 11025661, 11029093, 11029820, 11053591, 11169992, 11306206, 11310031, 11382967, 11442431, 11449938, 11460848, 11472740, 11503162, 11528844, 11530535, 11644919, 11795289, 11845208, 11968249, 11979511, 12053832, 12067658, 12173755, 12233671, 12244705, 12284935, 12313384, 12398830, 12441748, 12464546, 12516003, 12574576, 12588944, 12738453, 12770869, 12776470, 12814651, 12960756, 13063478, 13185379, 13200338, 13229012, 13270061, 13279885, 13311076, 13356877, 13359761, 13402092, 13445133, 13567498, 13597785, 13664300, 13693634, 13847045, 13932456, 13998142, 14020030, 14066399, 14094030, 14311508, 14383216, 14471866, 14482215, 14580101, 14600737, 14656005, 14692065, 14791309, 14875666, 14992342, 15004420, 15127419, 15161975, 15187455, 15205122, 15269901, 15467709, 15476387, 15507972, 15628182, 15717276, 15745162, 15824988, 15828484, 15910829, 16099753, 16140612, 16260775, 16445454, 16516060, 16540653, 16613970, 16645553, 16696483, 16721523, 16814694, 16880104, 16914781, 16932795, 16944235, 16966093, 16993778, 17050568, 17278476, 17317397, 17340544, 17546986, 17570641, 17777102, 17777702, 17785865, 17908755, 17952730, 18031544, 18103644, 18209170, 18271615, 18323844, 18408421, 18437358, 18483226, 18566443, 18694722, 18697821, 18727978, 18735442, 18795338, 18807739, 18857387, 18870207, 18899286, 18909753, 19048956, 19090982, 19136555, 19182416, 19368942, 19469440, 19573339, 19581814, 19608582, 19754645, 19960456, 20173385, 20331717, 20366584, 20367321, 20378317, 20458830, 20484440, 20527909, 20532372, 20785892, 20857763, 20900130, 21008605, 21280372, 21384579, 21393653, 21408447, 21412895, 21439694, 21468101, 21470508, 21575889, 21595307, 21598934, 21680502, 21698790, 21779941, 21788039, 21885782, 21910588, 21961741, 22045867, 22062351, 22076374, 22140959, 22387457, 22495832, 22909431, 23015720, 23026877, 23039337, 23061292, 23087547, 23370585, 23417699, 23421494, 23617387, 23733167, 23763408, 23835728, 23907991, 24092751, 24279947, 24371419, 24418951, 24457877, 24487760, 24519942, 24544491, 24638945, 24747121, 24984833, 25039724, 25108640, 25128199, 25133229, 25159069, 25166501, 25168322, 25173345, 25200158, 25206531, 25420323, 25593607, 25668578, 25770942, 25850455, 25914276, 25942276, 25962476, 26001955, 26008584, 26050297, 26099256, 26166500, 26172904, 26196122, 26251864, 26260594, 26365042, 26371499, 26429550, 26443327, 26446487, 26477787, 26517916, 26520020, 26543229, 26582140, 26672138, 26688638, 26759608, 26927814, 26936050, 26969176, 26970609, 26989336, 27100056, 27102442, 27146092, 27153050, 27236923, 27313859, 27367381, 27422209, 27425625, 27474341, 27477077, 27629038, 27648533, 27660391, 27992868, 28067860, 28082401, 28240994, 28301153, 28346875, 28508609, 28524110, 28524741, 28578465, 28646266, 28663178, 28703474, 28825209, 28827107, 28928734, 28935885, 28938415, 29050658, 29089963, 29151609, 29212851, 29282841, 29296525, 29362015, 29405324, 29488652, 29502380, 29509211, 29550893, 29646783, 29729083, 29757086, 29769280, 29782922, 29824515, 29964691, 29994854]
ohjelman suorittaminen kesti 2 millisekuntia

[23766, 136283, 261221, 357264, 413118, 417921, 509740, 539046, 567646, 589013, 636497, 701564, 761847, 768465, 775887, 858200, 1050918, 1080155, 1217642, 1311951, 1346217, 1401120, 1478748, 1562573, 1570289, 1595048, 1628793, 1686567, 1803178, 1891785, 1898370, 1909154, 2033390, 2169002, 2187982, 2285419, 2312112, 2312384, 2470939, 2635451, 2742045, 2822236, 2872238, 2966852, 3011231, 3065099, 3065704, 3073562, 3106565, 3217230, 3297666, 3302152, 3365228, 3448277, 3649953, 3679390, 3761991, 3909290, 3963187, 4019354, 4030949, 4104188, 4116118, 4178538, 4182639, 4214578, 4290364, 4293018, 4311618, 4336921, 4563094, 4580395, 4614601, 4678803, 4678845, 4705936, 4769272, 4771872, 4787563, 4801833, 4822501, 4899546, 5006043, 5032072, 5116431, 5124684, 5147698, 5193308, 5222093, 5295918, 5296778, 5359581, 5388064, 5405215, 5443680, 5489338, 5594640, 5673743, 5709363, 5852949, 5881927, 5940893, 5969181, 6029239, 6122750, 6256968, 6317164, 6372636, 6451070, 6520422, 6541455, 6544109, 6682059, 6742610, 6791912, 6846893, 6868977, 6943650, 6946225, 6948996, 7038034, 7043617, 7070024, 7084992, 7149450, 7208561, 7220358, 7238609, 7268070, 7288246, 7356850, 7455267, 7625685, 7678671, 7705051, 7849333, 7926619, 8238271, 8332803, 8429562, 8429653, 8493409, 8557355, 8618959, 8719791, 8727233, 8747575, 8767384, 8828107, 8848381, 8853720, 8896125, 8930181, 9020797, 9152507, 9179339, 9235033, 9281365, 9303556, 9317458, 9322744, 9352157, 9361603, 9393410, 9403220, 9606044, 9731189, 9917448, 10176368, 10317024, 10324300, 10484728, 10554934, 10583316, 10879810, 10892199, 10996557, 11003844, 11034617, 11197115, 11199336, 11227910, 11282559, 11340261, 11432453, 11458496, 11473361, 11480122, 11529647, 11543365, 11614018, 11649639, 11827887, 11850431, 11855421, 11885406, 12030926, 12146058, 12243223, 12247625, 12408182, 12434421, 12555828, 12571359, 12588495, 12678599, 12719114, 12743028, 12810177, 12825041, 12852364, 12900439, 12928872, 12988598, 13085611, 13086339, 13350061, 13358786, 13391546, 13513160, 13540601, 13644147, 13714618, 13779348, 13792846, 13813951, 13907880, 13923337, 13935128, 14014607, 14018388, 14206467, 14227314, 14452636, 14495498, 14497054, 14622955, 14821341, 14870118, 14899264, 14921462, 14939500, 14982745, 15092507, 15155929, 15236334, 15396446, 15546330, 15592637, 15633469, 15692902, 15694134, 15817281, 15912433, 15949385, 15982230, 16015065, 16057199, 16157975, 16170105, 16197450, 16224767, 16259366, 16372390, 16550714, 16585732, 16730875, 16756762, 16837571, 16858488, 16983021, 17165303, 17193627, 17247486, 17282590, 17286643, 17351019, 17370969, 17421912, 17459113, 17480411, 17580664, 17667111, 17678965, 17722333, 17727832, 17755102, 17793752, 18000250, 18119797, 18177079, 18362814, 18451144, 18479923, 18480232, 18523847, 18591362, 18726628, 18790162, 18790873, 18812094, 18819687, 18856492, 18941016, 18990475, 19037016, 19145195, 19191184, 19301674, 19409644, 19412625, 19455359, 19487392, 19493967, 19505209, 19545001, 19552492, 19562839, 19673586, 19680733, 19706354, 19720624, 19780325, 19794064, 19929138, 19949472, 20001253, 20012683, 20053343, 20169229, 20213129, 20233639, 20236819, 20309847, 20312467, 20403085, 20525474, 20572645, 20627768, 20644049, 20658183, 20681539, 20828439, 20934595, 21026078, 21075873, 21111479, 21399276, 21419414, 21427238, 21427345, 21463975, 21524789, 21553525, 21656232, 21754970, 21767328, 21830802, 21870286, 22055532, 22090769, 22164195, 22284524, 22304099, 22331207, 22363496, 22450082, 22487118, 22501977, 22563600, 22709472, 22716652, 22800159, 22862385, 23037263, 23111946, 23135869, 23256045, 23280263, 23307430, 23315912, 23321287, 23494346, 23516996, 23747654, 23753348, 23766153, 23825605, 23858717, 23921948, 23960869, 24018666, 24086733, 24103920, 24130799, 24236836, 24257499, 24427388, 24431137, 24458154, 24497056, 24578939, 24629994, 24740251, 24859608, 24862924, 24925130, 25082219, 25147289, 25168217, 25245727, 25257919, 25277688, 25368357, 25380183, 25459188, 25466958, 25477551, 25535915, 25549858, 25564214, 25576550, 25694838, 25706911, 25782719, 25841243, 25841880, 25848021, 25848574, 25853180, 25864206, 25977475, 26000800, 26067773, 26286038, 26401651, 26470126, 26512950, 26526860, 26549916, 26615336, 26730874, 26732921, 26820994, 26870846, 26950327, 27015254, 27074364, 27243209, 27255398, 27407852, 27487313, 27496999, 27584998, 27625340, 27647965, 27732849, 27734119, 27748958, 27788916, 27818241, 27991571, 28001887, 28106025, 28170951, 28217488, 28264325, 28273549, 28368651, 28395846, 28437874, 28453643, 28509459, 28542692, 28654648, 28701360, 28736403, 28798526, 28836575, 28914991, 28937207, 28945185, 29110497, 29111602, 29121934, 29146464, 29172379, 29187018, 29261909, 29263844, 29420387, 29447101, 29455472, 29460299, 29471126, 29494070, 29516448, 29559162, 29705472, 29890825]
ohjelman suorittaminen kesti 2 millisekuntia

[332110, 377931, 382647, 392830, 431063, 471674, 484845, 527788, 532843, 614900, 715189, 717829, 852410, 901725, 918289, 941793, 967091, 1002574, 1012592, 1012621, 1062876, 1231679, 1257300, 1316322, 1345702, 1353280, 1568849, 1591110, 1603169, 1704078, 1793324, 1873324, 1903403, 1932944, 2066659, 2079833, 2263640, 2311834, 2472507, 2508944, 2548348, 2556653, 2606342, 2713919, 2769479, 2794944, 2851573, 2954806, 2978935, 3041278, 3081236, 3105166, 3234001, 3248609, 3345693, 3405487, 3455120, 3585921, 3600115, 3646834, 3652792, 3781794, 3855939, 3977016, 3983803, 4048264, 4208974, 4375100, 4406875, 4436604, 4456041, 4462510, 4514988, 4581661, 4720022, 4721854, 4783973, 4795668, 4925251, 5031515, 5044351, 5070515, 5110618, 5181625, 5219583, 5404871, 5476945, 5524871, 5596709, 5658906, 5673128, 5707706, 5713807, 5828525, 5856201, 6017892, 6040154, 6118527, 6126739, 6131286, 6140593, 6157467, 6212136, 6347409, 6372333, 6397984, 6430412, 6434516, 6580822, 6626221, 6812688, 6841355, 6872871, 6881469, 6957360, 7052701, 7057501, 7294378, 7302132, 7455631, 7497021, 7546910, 7586792, 7602437, 7637868, 7646186, 7700506, 7738081, 7739722, 7763869, 7772527, 7806550, 7835916, 7884038, 7887986, 7960213, 8027650, 8040916, 8050489, 8298341, 8308812, 8393667, 8453894, 8492528, 8504892, 8532963, 8564055, 8582462, 8632225, 8722557, 8809323, 8838876, 8871540, 8910120, 8933381, 9018145, 9042203, 9076973, 9151341, 9193710, 9208358, 9229993, 9241398, 9244544, 9334609, 9517204, 9589253, 9614071, 9619032, 9659183, 9670246, 9690202, 9695107, 9783214, 9793330, 10127174, 10132976, 10148952, 10190951, 10224013, 10429622, 10450045, 10451466, 10485698, 10519041, 10594491, 10609205, 10632117, 10666635, 10704101, 10872770, 10953822, 10968578, 10988488, 11089933, 11188210, 11234635, 11262627, 11288325, 11319076, 11319578, 11409383, 11431890, 11439120, 11490610, 11648046, 11655451, 11757875, 11785248, 11901869, 11965451, 12007875, 12170043, 12191295, 12399024, 12438348, 12510380, 12542215, 12597217, 12696115, 12815852, 12994020, 13006527, 13046192, 13097393, 13112486, 13121260, 13135842, 13204932, 13210500, 13257158, 13338134, 13344277, 13365034, 13387560, 13441350, 13458331, 13469137, 13528845, 13622916, 13673729, 13826325, 13838088, 13840449, 13982193, 14026106, 14075211, 14280893, 14303164, 14311584, 14459037, 14552131, 14575168, 14642414, 14675233, 14701255, 14711740, 14744135, 14752538, 14817492, 14837384, 14889925, 14911178, 14915279, 14973964, 15003645, 15024312, 15242867, 15425095, 15458459, 15459728, 15761920, 15801799, 15813100, 15885757, 15926723, 16092749, 16114729, 16278478, 16434303, 16475654, 16498386, 16512516, 16592163, 16695825, 16810297, 16935883, 17030752, 17054184, 17101094, 17128593, 17249208, 17369003, 17656219, 17666285, 17670675, 17729432, 17927597, 17947181, 17990490, 18095697, 18204797, 18206358, 18388941, 18422313, 18602536, 18630993, 18644513, 18649638, 18656811, 18720908, 18726430, 18802870, 18874059, 18930555, 18995461, 18998088, 19030590, 19202398, 19250842, 19295334, 19422981, 19432310, 19461943, 19468412, 19580774, 19589650, 19600465, 19805267, 19961505, 20078021, 20085249, 20342578, 20374230, 20439891, 20449007, 20497155, 20503557, 20513068, 20536163, 20630120, 20688410, 20751342, 20840247, 20930811, 20936739, 21009114, 21011471, 21071984, 21148660, 21218789, 21219909, 21245366, 21270415, 21273729, 21336194, 21379409, 21453611, 21484047, 21523115, 21736861, 21783777, 21945621, 22020984, 22045292, 22114647, 22119892, 22160744, 22247201, 22287142, 22313545, 22405883, 22424351, 22459941, 22481873, 22518425, 22524926, 22664602, 22704726, 22718014, 22736272, 22762824, 22833480, 22905002, 23014804, 23039212, 23106158, 23172033, 23256310, 23256692, 23493072, 23529236, 23626334, 23649776, 23676530, 23677970, 23706708, 23722122, 23789130, 23920266, 24005596, 24042860, 24134090, 24180274, 24199516, 24281792, 24358551, 24464878, 24474382, 24531780, 24598790, 24660904, 24942557, 24943874, 24994912, 25223043, 25307804, 25479737, 25637632, 25646247, 25787614, 25797762, 25844481, 25879491, 25888923, 25917497, 25960803, 26111245, 26128382, 26155406, 26275804, 26341785, 26416726, 26423311, 26452980, 26472319, 26567912, 26581539, 26715860, 26819066, 26890500, 26893911, 26930621, 26991938, 27004464, 27044734, 27060668, 27102567, 27218058, 27253706, 27260733, 27307817, 27404603, 27453190, 27520237, 27574729, 27763080, 27933091, 27953058, 27980032, 27992576, 28008858, 28093725, 28164494, 28178643, 28179584, 28236104, 28254972, 28284923, 28346001, 28349786, 28361856, 28379584, 28502966, 28528642, 28550338, 28601516, 28690624, 28718422, 28762845, 28795585, 28827539, 28937547, 28942365, 28986421, 29049345, 29055133, 29128741, 29300776, 29357454, 29540701, 29542615, 29627464, 29647255, 29677594, 29687759, 29824897, 29916869, 29994454, 29996634]
ohjelman suorittaminen kesti 2 millisekuntia


