Quicksort 1000 muuttujan ajat:
1ms, 1ms, 0ms, 1ms ja 0ms


Quicksort 100 muuttujan ajat:
21400 ns, 28800 ns, 23100 ns, 21600 ns ja 23100 ns


Quicksort 500 muuttujan ajat:
123800 ns, 126100 ns, 122600 ns, 128200 ns ja 127900 ns



Quicksort sort 1000 muuttujan mittaukset:

[116423, 155562, 159089, 243565, 308461, 327253, 353192, 356924, 388512, 393840, 405037, 411849, 423628, 439584, 504856, 531039, 556006, 614865, 635959, 658357, 665073, 667723, 673677, 702893, 706568, 722983, 724589, 800841, 805867, 859227, 887958, 983117, 993743, 1045496, 1053767, 1064313, 1083847, 1091847, 1115744, 1120100, 1121372, 1148671, 1169159, 1193415, 1215130, 1316678, 1319056, 1367356, 1422310, 1436170, 1456215, 1480038, 1499436, 1502712, 1508411, 1528544, 1535566, 1538357, 1642712, 1649497, 1650734, 1656361, 1690675, 1748364, 1819022, 1833336, 1876180, 1908689, 1926127, 2031022, 2110841, 2136583, 2172824, 2191341, 2235208, 2318840, 2378649, 2392214, 2410608, 2451933, 2455860, 2482520, 2485744, 2495584, 2508389, 2517491, 2558726, 2694350, 2701757, 2776414, 2786248, 2800004, 2820915, 2822344, 2852313, 2876530, 2878548, 2911078, 3079068, 3096001, 3138092, 3214242, 3223692, 3231040, 3321042, 3365632, 3366451, 3479381, 3487645, 3491871, 3498996, 3532121, 3586601, 3590567, 3596424, 3634175, 3759373, 3842446, 3858416, 3866407, 3908156, 3913183, 3949842, 3961623, 3964766, 3988822, 3997835, 4034247, 4048151, 4058856, 4083644, 4122984, 4133628, 4184983, 4188040, 4204602, 4224805, 4232085, 4250221, 4261852, 4269649, 4279652, 4309871, 4323274, 4327486, 4342123, 4350884, 4363190, 4398865, 4402605, 4405907, 4444810, 4473209, 4491150, 4496014, 4498727, 4522974, 4534839, 4614419, 4660626, 4666015, 4708497, 4709263, 4713998, 4719712, 4756920, 4908792, 4912443, 4945559, 4961642, 4964519, 5015010, 5018373, 5073720, 5081191, 5085822, 5106353, 5109544, 5124262, 5214403, 5234547, 5250800, 5266917, 5269727, 5275002, 5301265, 5392810, 5441420, 5442371, 5473463, 5518869, 5551874, 5587945, 5630867, 5638242, 5638706, 5647335, 5649044, 5721182, 5734872, 5837684, 5844037, 5844623, 5849142, 5919496, 5943223, 5966721, 5997259, 6045947, 6046359, 6058073, 6073829, 6102656, 6109119, 6132044, 6144928, 6159558, 6222181, 6305740, 6341032, 6357342, 6364283, 6390634, 6396381, 6424821, 6429209, 6478724, 6483468, 6535994, 6569346, 6599595, 6619102, 6625142, 6639475, 6641268, 6763788, 6801028, 6806368, 6807113, 6879156, 6881864, 6911064, 6943000, 6964682, 6976630, 7033937, 7060778, 7074876, 7103632, 7109141, 7152983, 7162904, 7176736, 7232029, 7251760, 7273988, 7286115, 7306561, 7416252, 7419039, 7443919, 7511508, 7570572, 7611899, 7662967, 7702756, 7706276, 7727988, 7749311, 7751240, 7774818, 7866211, 7885225, 7885828, 7907170, 7918079, 7937893, 7952583, 7979563, 8077534, 8100212, 8163089, 8177589, 8223543, 8231500, 8233829, 8299110, 8312301, 8344896, 8410416, 8431364, 8432410, 8477721, 8560426, 8584889, 8611363, 8636679, 8652197, 8687740, 8704910, 8705352, 8742563, 8808842, 8823309, 8842497, 8931584, 8935087, 8957651, 8963103, 9020243, 9030577, 9058847, 9063512, 9070290, 9082553, 9144199, 9176382, 9218719, 9228318, 9237630, 9245237, 9256402, 9288147, 9295547, 9304151, 9308247, 9332736, 9344201, 9344724, 9353393, 9355315, 9362101, 9412470, 9418339, 9461458, 9515251, 9533402, 9566827, 9618292, 9626160, 9631377, 9669888, 9693721, 9693740, 9715159, 9722183, 9741663, 9762017, 9778130, 9797772, 9821345, 9829761, 9843415, 9923599, 9931673, 9934513, 9993794, 10012458, 10014922, 10043047, 10054013, 10068464, 10075894, 10090976, 10100443, 10110801, 10167963, 10274996, 10284346, 10304341, 10343873, 10347719, 10350386, 10359394, 10470772, 10497618, 10511751, 10516650, 10605288, 10629259, 10652897, 10670879, 10685190, 10694830, 10699648, 10704404, 10718196, 10724580, 10739088, 10770544, 10780834, 10787642, 10788999, 10795774, 10819244, 10854338, 10863932, 10880280, 10891405, 10897111, 10991120, 11003760, 11016708, 11031942, 11081830, 11093729, 11103285, 11111087, 11127728, 11152251, 11187462, 11220886, 11225579, 11237873, 11254172, 11292540, 11298178, 11423110, 11423417, 11433339, 11501593, 11543669, 11585221, 11589941, 11624673, 11649488, 11662738, 11696611, 11704057, 11723116, 11725337, 11738796, 11821424, 11834354, 11945424, 11959085, 12076032, 12083267, 12158462, 12170049, 12218383, 12299354, 12302820, 12329350, 12484544, 12560925, 12647998, 12649987, 12673103, 12739994, 12744024, 12785630, 12859432, 12893984, 12897319, 12906066, 12921434, 12926778, 12942990, 13005877, 13019869, 13025266, 13059384, 13060837, 13062385, 13064130, 13097774, 13111550, 13115443, 13120149, 13146404, 13170475, 13244467, 13280717, 13294508, 13311488, 13332812, 13361912, 13385237, 13414417, 13440827, 13443826, 13490034, 13501488, 13509142, 13551936, 13626862, 13635354, 13740887, 13772198, 13788875, 13825547, 13827129, 13840906, 13873922, 13887020, 13895784, 13901827, 13920725, 13938764, 13994250, 14010439, 14050963, 14080147, 14080761, 14096512, 14099771, 14146341, 14180018, 14233127, 14252300, 14328843, 14341626, 14403742, 14417813, 14427395, 14432956, 14437484, 14446992, 14448799, 14541232, 14572432, 14600009, 14613532, 14614082, 14617576, 14620932, 14657569, 14739846, 14807982, 14859829, 14974796, 15023972, 15033120, 15048021, 15063097, 15078922, 15124163, 15125747, 15175291, 15186468, 15216432, 15236998, 15290071, 15293637, 15317760, 15341416, 15389136, 15407329, 15417372, 15420517, 15422961, 15424998, 15442915, 15464405, 15533123, 15541622, 15544653, 15600813, 15613308, 15641157, 15698619, 15700171, 15715150, 15735888, 15829218, 15874037, 15987573, 15990673, 16006911, 16062889, 16073306, 16104017, 16124719, 16149213, 16151254, 16155108, 16185763, 16206262, 16221867, 16226955, 16247390, 16262368, 16272771, 16283094, 16330770, 16364342, 16372205, 16423224, 16423841, 16453293, 16519901, 16540273, 16545411, 16548668, 16551820, 16574062, 16582592, 16609441, 16633250, 16644883, 16673624, 16687205, 16691316, 16725969, 16740780, 16755017, 16785640, 16801216, 16805669, 16822043, 16826459, 16832548, 16839751, 16893985, 16903777, 16909936, 16910806, 16946728, 16949809, 17000525, 17016290, 17020683, 17088228, 17112197, 17241440, 17277328, 17294631, 17305623, 17339871, 17349337, 17367439, 17368291, 17378695, 17450190, 17484033, 17609639, 17642354, 17652443, 17664018, 17742930, 17758899, 17795056, 17838863, 17840762, 17846473, 17887999, 17928299, 17945099, 17999362, 18020042, 18027607, 18065406, 18150035, 18166682, 18171230, 18174075, 18193908, 18235503, 18249695, 18272686, 18307614, 18320730, 18393878, 18455854, 18462445, 18552267, 18625126, 18840439, 18874204, 18910983, 18916993, 18932560, 18950683, 19001036, 19009151, 19012526, 19015213, 19071889, 19167178, 19201906, 19205222, 19229330, 19420285, 19520866, 19544065, 19565535, 19583052, 19600632, 19600823, 19625030, 19628381, 19663407, 19670748, 19735835, 19752469, 19820089, 19882045, 19933976, 19966502, 19989508, 20020523, 20068191, 20080568, 20105743, 20140881, 20182878, 20308693, 20315092, 20318032, 20417763, 20459004, 20475145, 20480993, 20512726, 20647711, 20666048, 20828607, 20837687, 20846668, 20867631, 20922671, 20926665, 21128224, 21135423, 21137925, 21232188, 21235856, 21269550, 21276563, 21312703, 21346101, 21360096, 21366365, 21432964, 21438615, 21474581, 21482450, 21531293, 21533214, 21563647, 21564117, 21611377, 21612449, 21654539, 21720031, 21800185, 21821701, 21855536, 21885047, 21947213, 21973964, 21990427, 22061030, 22085092, 22108876, 22118455, 22118828, 22206377, 22226554, 22229197, 22297941, 22298436, 22348253, 22356270, 22360751, 22416189, 22446241, 22448720, 22458801, 22498669, 22522259, 22578453, 22652656, 22702921, 22710392, 22731091, 22768161, 22923759, 22998298, 23057402, 23066459, 23089804, 23112582, 23132429, 23140222, 23232190, 23276628, 23305126, 23308678, 23325714, 23416311, 23448674, 23461483, 23469663, 23492197, 23526925, 23533765, 23534759, 23746286, 23810141, 23884400, 23885496, 23934524, 23952293, 23961524, 24005897, 24049886, 24064137, 24088114, 24114349, 24114764, 24150621, 24165796, 24165977, 24184783, 24189639, 24198071, 24235465, 24275676, 24302160, 24323624, 24330509, 24339206, 24354085, 24354963, 24368328, 24379093, 24397273, 24482908, 24514851, 24537657, 24547343, 24571654, 24611783, 24644851, 24648631, 24676696, 24700985, 24720671, 24723918, 24726645, 24769647, 24788191, 24801823, 24838785, 24875222, 24933760, 24952791, 24957263, 24997440, 25009938, 25021289, 25026207, 25064945, 25072831, 25088933, 25101248, 25135953, 25209937, 25279528, 25342484, 25381139, 25389654, 25483148, 25484413, 25487611, 25491883, 25582367, 25637445, 25651235, 25687686, 25692884, 25698727, 25714080, 25725677, 25730450, 25774282, 25833590, 25858131, 25858390, 25925425, 25970178, 26028891, 26030997, 26191051, 26196600, 26222722, 26226168, 26239443, 26291883, 26306949, 26326297, 26349645, 26408375, 26420603, 26459440, 26476153, 26482655, 26534410, 26550795, 26570806, 26596947, 26612481, 26613928, 26692632, 26717481, 26729101, 26731485, 26753948, 26802483, 26831849, 26836696, 26877996, 26892445, 26939283, 26963541, 27025401, 27034358, 27060711, 27080066, 27124322, 27129756, 27148103, 27174069, 27230783, 27250228, 27270023, 27331727, 27413174, 27424893, 27483108, 27500857, 27541567, 27564782, 27657780, 27711571, 27736780, 27750743, 27803055, 27803468, 27805808, 27835944, 27889266, 27915653, 27974789, 28035508, 28081466, 28136595, 28161570, 28161739, 28162305, 28246588, 28273556, 28412982, 28498809, 28510672, 28555450, 28588406, 28608054, 28641977, 28687683, 28715464, 28744586, 28789133, 28813429, 28827631, 28852598, 28907235, 28951345, 29002420, 29026062, 29065019, 29184256, 29272954, 29303379, 29307291, 29340657, 29370063, 29378259, 29380907, 29470145, 29470755, 29509594, 29509765, 29519220, 29633415, 29641535, 29643949, 29662455, 29662841, 29669341, 29693468, 29701200, 29706777, 29732523, 29752009, 29877376, 29959431, 29997151]
ohjelman suorittaminen kesti 1 millisekuntia

[59915, 66258, 105618, 130391, 158380, 205621, 213323, 241717, 267797, 331751, 335723, 337191, 416227, 418398, 570079, 681163, 689655, 694125, 705728, 751236, 823977, 826015, 860676, 917162, 996049, 1004266, 1116881, 1149972, 1153361, 1182854, 1185992, 1204981, 1209752, 1239815, 1279313, 1319168, 1344448, 1379258, 1390751, 1399200, 1406519, 1435024, 1436899, 1465411, 1476025, 1479429, 1500165, 1505940, 1506970, 1515448, 1541937, 1584496, 1630460, 1662076, 1686514, 1693985, 1704438, 1824815, 1833470, 1961349, 1993712, 1996768, 2002437, 2020340, 2049210, 2077151, 2113582, 2138593, 2162653, 2168893, 2205194, 2274915, 2295103, 2322900, 2331491, 2333737, 2347738, 2459917, 2471924, 2543439, 2553550, 2554359, 2571997, 2597695, 2606071, 2682334, 2740773, 2810426, 2811344, 2816593, 2882923, 2913052, 2944470, 2957069, 2968268, 3008136, 3008272, 3010232, 3046626, 3147974, 3158215, 3165466, 3213340, 3222116, 3238515, 3326353, 3338032, 3425946, 3459086, 3505522, 3524246, 3535977, 3642359, 3650940, 3680680, 3745526, 3756933, 3787645, 3832364, 3902892, 3947331, 4080496, 4096049, 4112619, 4123040, 4131200, 4166789, 4211159, 4232905, 4261356, 4275496, 4366376, 4401071, 4470556, 4474309, 4564000, 4628001, 4629382, 4650177, 4660663, 4666749, 4697721, 4732240, 4753238, 4766996, 4808815, 4859564, 4932739, 4966039, 4976863, 4977312, 5039970, 5046338, 5083711, 5183389, 5195105, 5208413, 5234782, 5267581, 5291747, 5317937, 5347066, 5393022, 5471243, 5475301, 5558205, 5579093, 5642636, 5684535, 5709173, 5779131, 5870296, 6015728, 6030794, 6097346, 6118639, 6148305, 6152051, 6166868, 6177879, 6248378, 6265678, 6282327, 6346301, 6387794, 6393265, 6472879, 6514119, 6595508, 6596143, 6637143, 6648258, 6801717, 6849175, 6888724, 6892651, 6898901, 6936566, 6940860, 6947802, 6952940, 6964686, 6996450, 7054554, 7101713, 7112773, 7155818, 7190215, 7207024, 7209129, 7216405, 7252988, 7255033, 7274661, 7290595, 7293305, 7339650, 7345423, 7402749, 7432626, 7492751, 7518070, 7549160, 7604877, 7610828, 7644077, 7736793, 7739993, 7773908, 7791098, 7809110, 7823780, 7824876, 7875295, 7889588, 7908231, 7912030, 7929905, 7960239, 7974512, 8001306, 8095593, 8139815, 8146055, 8150711, 8207496, 8232009, 8279207, 8385184, 8415568, 8416160, 8497822, 8499010, 8511062, 8552565, 8572920, 8600155, 8626126, 8646379, 8690439, 8706056, 8722473, 8737881, 8768344, 8852906, 8854308, 8858061, 8903812, 8926312, 8951255, 8970659, 8979350, 9005028, 9025346, 9032089, 9067006, 9086753, 9220744, 9236363, 9334647, 9335994, 9376178, 9381272, 9386358, 9444223, 9452940, 9494206, 9519628, 9640543, 9670296, 9683897, 9713702, 9797971, 9827244, 9833453, 9841306, 9851419, 9851476, 9869515, 9932000, 9943271, 10001599, 10132506, 10140943, 10179702, 10181994, 10233987, 10261287, 10281642, 10507503, 10515385, 10560818, 10567804, 10625538, 10710747, 10724236, 10767259, 10812467, 10852465, 10856563, 10869475, 10875252, 10881048, 10921492, 10944587, 10961084, 10975466, 11033224, 11046304, 11054147, 11072787, 11087843, 11115780, 11163324, 11167051, 11184748, 11201782, 11223995, 11229790, 11238098, 11242962, 11387544, 11465968, 11475266, 11504451, 11513230, 11588459, 11630635, 11634046, 11649885, 11730254, 11738648, 11768656, 11783395, 11820117, 11830169, 11850633, 11854857, 11874471, 11890662, 11899554, 11910187, 11926927, 12048035, 12123430, 12149122, 12184194, 12198609, 12210912, 12325036, 12341512, 12365180, 12387531, 12438714, 12460155, 12463171, 12504718, 12513212, 12515181, 12544347, 12615112, 12621068, 12653856, 12679230, 12703538, 12732433, 12733777, 12735336, 12746616, 12828479, 12846361, 12861374, 12864630, 12870885, 13044148, 13087144, 13109199, 13156833, 13186485, 13190113, 13207427, 13208388, 13209220, 13232206, 13284497, 13308119, 13357163, 13366844, 13408292, 13412552, 13431088, 13442774, 13447263, 13484449, 13511606, 13522904, 13528025, 13530408, 13549852, 13564819, 13570334, 13583358, 13629508, 13650391, 13655526, 13686741, 13750056, 13808513, 13825257, 13826893, 13828391, 13873152, 13878595, 13964204, 13990276, 14000493, 14029273, 14039264, 14039331, 14057936, 14064329, 14090730, 14130381, 14150233, 14155149, 14169324, 14283534, 14340515, 14353406, 14361522, 14365330, 14415231, 14472314, 14481101, 14495263, 14507999, 14549072, 14550776, 14584698, 14593854, 14630364, 14638667, 14658920, 14667153, 14726987, 14739868, 14755494, 14768775, 14773654, 14789933, 14794041, 14849216, 14866554, 14882238, 14906666, 15066682, 15130888, 15208478, 15213792, 15247768, 15263576, 15264616, 15359390, 15362924, 15364227, 15373058, 15392555, 15395158, 15407778, 15447217, 15479583, 15484661, 15519607, 15545751, 15570861, 15582495, 15631686, 15653981, 15664334, 15670637, 15676249, 15722811, 15744498, 15754989, 15756069, 15761616, 15787926, 15789154, 15815742, 15844463, 15881857, 16025741, 16047643, 16073947, 16123221, 16156348, 16221563, 16279593, 16330432, 16339162, 16407969, 16453403, 16469180, 16474932, 16495309, 16496421, 16538789, 16540985, 16670079, 16671431, 16697883, 16735764, 16759502, 16767686, 16790759, 16793346, 16800611, 16820794, 16908154, 16947514, 16957245, 16958737, 16960723, 16967687, 16988598, 16996452, 17050178, 17087831, 17104890, 17133255, 17140911, 17141180, 17142619, 17145781, 17214546, 17241320, 17245134, 17280296, 17342102, 17348506, 17364822, 17386028, 17407883, 17407990, 17498748, 17500794, 17533512, 17535674, 17549710, 17640543, 17722896, 17762365, 17779390, 17784630, 17849427, 17860960, 17931191, 18092635, 18112579, 18151205, 18209931, 18215911, 18246212, 18298241, 18335862, 18338734, 18366530, 18402535, 18402746, 18448730, 18458966, 18497877, 18497968, 18502576, 18569376, 18581587, 18625715, 18629959, 18638040, 18664603, 18670454, 18726210, 18771609, 18775235, 18785627, 18787278, 18865691, 18919255, 18936532, 18967649, 19017785, 19040700, 19050261, 19064449, 19137372, 19181893, 19210854, 19238161, 19256178, 19315154, 19350378, 19408038, 19418352, 19426170, 19450324, 19530832, 19547747, 19659333, 19734100, 19735242, 19765035, 19781755, 19860366, 19875522, 19927997, 19928924, 19942211, 19972697, 19975702, 19993673, 20069052, 20072042, 20110299, 20123701, 20135359, 20160319, 20174988, 20207239, 20209965, 20233815, 20247512, 20254191, 20281906, 20308067, 20318066, 20323941, 20364746, 20455064, 20468516, 20499141, 20505715, 20538870, 20558345, 20566744, 20590310, 20638056, 20668529, 20691407, 20700388, 20701270, 20754579, 20821629, 20878651, 20894460, 20959934, 20986491, 21031380, 21046204, 21064550, 21078940, 21104826, 21141964, 21144870, 21150890, 21171292, 21236916, 21246761, 21359113, 21362374, 21379841, 21385097, 21394890, 21396300, 21400217, 21414033, 21417690, 21423151, 21428961, 21468687, 21496208, 21499519, 21515660, 21523163, 21554019, 21559816, 21570131, 21596566, 21618481, 21636213, 21637655, 21698765, 21723041, 21791902, 21811428, 21828344, 21852786, 21857850, 21962240, 21973082, 21987740, 21990033, 21992980, 22039249, 22059078, 22070544, 22113111, 22173628, 22206660, 22217375, 22224302, 22233131, 22267461, 22350174, 22407867, 22409428, 22436055, 22451679, 22507139, 22572573, 22572644, 22581533, 22588814, 22611809, 22631663, 22684589, 22703805, 22720385, 22729465, 22742525, 22789171, 22826912, 22842429, 22872753, 22905329, 22940234, 22943248, 22943401, 23069847, 23076415, 23084617, 23098231, 23115223, 23122730, 23183609, 23199598, 23229956, 23266498, 23355581, 23384944, 23394030, 23412617, 23440623, 23456493, 23493009, 23508469, 23543688, 23562499, 23606744, 23631591, 23675807, 23679099, 23747047, 23780849, 23887427, 23903042, 23954966, 24000808, 24051037, 24080173, 24098615, 24142507, 24154786, 24298681, 24309127, 24335404, 24425892, 24431835, 24443517, 24483205, 24488725, 24504406, 24505719, 24559024, 24572096, 24576074, 24604124, 24609587, 24613560, 24683976, 24684394, 24748595, 24756279, 24781111, 24819396, 24832768, 24835908, 24894995, 24906580, 24910258, 24924521, 24968693, 24977414, 25027823, 25036322, 25069842, 25074521, 25095456, 25103409, 25107597, 25130667, 25167245, 25175725, 25183588, 25184858, 25184959, 25214418, 25218469, 25231993, 25285119, 25290574, 25300406, 25328426, 25348738, 25350176, 25359189, 25389160, 25481352, 25514664, 25534114, 25567533, 25589902, 25590819, 25602694, 25619471, 25619654, 25627778, 25648843, 25710544, 25778457, 25780607, 25791973, 25934542, 25937768, 25939710, 25983806, 26020354, 26033061, 26038837, 26047692, 26087968, 26104855, 26175466, 26214372, 26239847, 26254031, 26272931, 26304605, 26407221, 26432132, 26472442, 26486865, 26531064, 26590512, 26608844, 26640048, 26729497, 26780068, 26811729, 26828781, 26869578, 26871217, 26886251, 26897923, 26921318, 26949447, 27016833, 27069086, 27102366, 27106646, 27133327, 27149606, 27181947, 27185563, 27196724, 27234911, 27254216, 27254928, 27421250, 27458722, 27557122, 27636142, 27691899, 27706475, 27871842, 27910345, 27912610, 27962856, 28000583, 28028967, 28040381, 28070071, 28103119, 28170158, 28189482, 28223125, 28227519, 28245135, 28258293, 28278883, 28318466, 28340467, 28362970, 28373450, 28375225, 28384625, 28477634, 28559354, 28625255, 28664059, 28707065, 28741885, 28771663, 28775211, 28790643, 28804728, 28908618, 28918480, 28971750, 28973246, 29013442, 29018366, 29061381, 29089945, 29093975, 29124025, 29136296, 29146395, 29181457, 29203210, 29205216, 29224566, 29226889, 29243556, 29303608, 29306884, 29341152, 29347172, 29364187, 29380134, 29395191, 29397729, 29403017, 29459314, 29505484, 29549983, 29602511, 29610691, 29612569, 29613731, 29690344, 29692992, 29709448, 29728867, 29799085, 29803527, 29813733, 29840938, 29846475, 29856068, 29872395, 29873808, 29896299, 29907426, 29908693, 29912147, 29912738, 29930017, 29953263, 29985614, 29988692]
ohjelman suorittaminen kesti 1 millisekuntia

[2265, 55129, 93796, 101390, 202550, 204137, 315333, 348925, 376062, 395598, 399108, 472966, 473742, 502772, 534209, 600342, 615748, 640436, 677804, 731926, 746243, 756666, 762757, 774446, 825778, 836546, 844562, 849670, 853518, 881303, 927793, 979898, 995819, 1036931, 1075103, 1115978, 1119335, 1122984, 1136100, 1162232, 1166200, 1207198, 1241561, 1254422, 1292173, 1315202, 1343725, 1395727, 1399405, 1456868, 1458253, 1468568, 1518193, 1534714, 1583105, 1595930, 1607797, 1609191, 1620608, 1625617, 1642866, 1659600, 1701590, 1706839, 1751328, 1754206, 1782691, 1843278, 1861619, 1881987, 1883068, 1884715, 1903110, 1917137, 1925100, 1930238, 1964074, 1964945, 1979772, 1980632, 2013073, 2163610, 2163770, 2192226, 2224210, 2253056, 2305007, 2312588, 2337136, 2338155, 2340380, 2413730, 2504246, 2569172, 2652332, 2692701, 2747076, 2766879, 2778181, 2801797, 2841751, 2868819, 2906154, 2920966, 2926799, 2952805, 2956282, 2966932, 2982603, 2995389, 3000553, 3002014, 3030990, 3044362, 3070115, 3097444, 3112296, 3114712, 3146912, 3151888, 3167215, 3185501, 3205322, 3272351, 3277053, 3382662, 3386823, 3419120, 3461213, 3478911, 3505710, 3520163, 3531346, 3546043, 3556065, 3599666, 3599691, 3638130, 3653738, 3663221, 3722239, 3731214, 3761742, 3778272, 3785391, 3813761, 3926836, 3969459, 4028703, 4038723, 4065451, 4108344, 4119249, 4170519, 4171467, 4188742, 4271564, 4285264, 4363658, 4375322, 4395668, 4435164, 4441253, 4442676, 4456268, 4625164, 4626625, 4714101, 4717333, 4785207, 4829963, 4831180, 4888791, 4964727, 4973248, 4974055, 4996650, 4997599, 5050280, 5056054, 5107170, 5161317, 5181620, 5227146, 5250986, 5251289, 5265072, 5286492, 5292207, 5326591, 5373254, 5450127, 5477289, 5492672, 5538865, 5543517, 5550706, 5569026, 5570282, 5596810, 5619935, 5716505, 5739388, 5789000, 5817833, 5852462, 5859855, 5924194, 5936463, 5942120, 5952288, 6017493, 6054062, 6117704, 6121202, 6124030, 6159014, 6160364, 6194534, 6240363, 6246893, 6341343, 6392613, 6399010, 6447430, 6512185, 6539683, 6615039, 6638256, 6674442, 6721870, 6731281, 6745410, 6750233, 6775046, 6779624, 6785322, 6788756, 6998139, 7002608, 7007792, 7029361, 7041544, 7065812, 7108537, 7166057, 7167864, 7194007, 7208869, 7215663, 7236559, 7263653, 7358209, 7363028, 7385237, 7422587, 7473298, 7513048, 7513568, 7527654, 7534446, 7578604, 7580365, 7598646, 7607223, 7622106, 7660059, 7701703, 7706209, 7714696, 7737456, 7751990, 7756207, 7764166, 7795562, 7857017, 7874242, 7875518, 7889876, 7918346, 7939297, 8000908, 8044787, 8049519, 8162739, 8182934, 8204723, 8251186, 8304363, 8324503, 8385661, 8411361, 8422841, 8488578, 8494416, 8497715, 8530023, 8536510, 8536614, 8699837, 8756349, 8778396, 8791396, 8808571, 8810898, 8868113, 8875113, 8948200, 9017250, 9052270, 9105580, 9118068, 9149201, 9180858, 9180931, 9203308, 9245419, 9249137, 9264126, 9310046, 9336424, 9414962, 9547062, 9554089, 9560745, 9561963, 9578077, 9613124, 9627987, 9675795, 9686116, 9760910, 9769970, 9771191, 9787522, 9802204, 9854205, 9933893, 9935984, 9942936, 9948590, 9951312, 9958333, 9974265, 9997088, 10040429, 10077577, 10097654, 10163210, 10333067, 10345796, 10357729, 10378804, 10385058, 10443623, 10462980, 10468104, 10519966, 10559036, 10601853, 10621218, 10693678, 10704805, 10727276, 10757689, 10823595, 10849361, 10852479, 10869749, 10883753, 10901359, 10907813, 10924587, 10948424, 10977814, 10983819, 10994769, 10996957, 11059457, 11084067, 11146691, 11232503, 11232628, 11241719, 11328932, 11333092, 11355421, 11394026, 11428216, 11443721, 11534215, 11560229, 11608512, 11621806, 11625968, 11648846, 11756503, 11811538, 11845803, 11942867, 12023469, 12053325, 12090973, 12109287, 12161147, 12202752, 12238276, 12287268, 12294096, 12302918, 12375884, 12382100, 12412446, 12413437, 12429471, 12454046, 12455845, 12512552, 12561036, 12564000, 12575259, 12617559, 12639727, 12650785, 12661538, 12673231, 12685936, 12697866, 12699708, 12705788, 12711571, 12758942, 12777753, 12816226, 12874085, 12877320, 12885131, 12887961, 12924996, 12947647, 13126508, 13131907, 13236011, 13253033, 13276647, 13299667, 13313881, 13322358, 13332173, 13335400, 13351341, 13390929, 13460245, 13477438, 13490205, 13491839, 13492521, 13525637, 13542337, 13561137, 13581646, 13680473, 13703897, 13804394, 13849575, 13927062, 13938749, 13994292, 14008774, 14018455, 14034480, 14083001, 14105181, 14109223, 14141553, 14221248, 14258976, 14268476, 14297965, 14312082, 14329361, 14338497, 14348697, 14362917, 14370368, 14387706, 14411275, 14450923, 14487105, 14506508, 14523192, 14563386, 14599360, 14611557, 14779669, 14823272, 14849782, 14872168, 14878726, 14906703, 14938410, 14941958, 14948367, 14969393, 14982266, 15019488, 15033527, 15056436, 15104011, 15105753, 15115827, 15262933, 15270242, 15282984, 15333506, 15404572, 15436140, 15451364, 15493627, 15530533, 15568330, 15569388, 15627775, 15641925, 15698496, 15730691, 15785427, 15799250, 15888658, 15928765, 15943467, 15958200, 16011677, 16024140, 16040679, 16061742, 16071616, 16142943, 16160028, 16165425, 16174362, 16185066, 16244429, 16259842, 16264907, 16318180, 16348654, 16362472, 16378071, 16380304, 16381047, 16407247, 16421345, 16424122, 16434857, 16478505, 16494569, 16538288, 16552450, 16562486, 16627875, 16633360, 16653852, 16700551, 16742559, 16798850, 16820044, 16843606, 16850964, 16930178, 16939882, 16991014, 16997323, 17018294, 17020320, 17023651, 17049861, 17062468, 17068641, 17092134, 17118081, 17186632, 17213804, 17242970, 17245489, 17308635, 17314263, 17336373, 17351352, 17354710, 17375897, 17387852, 17391575, 17396606, 17416192, 17430069, 17431425, 17443657, 17447232, 17477156, 17489056, 17558197, 17602873, 17646487, 17678470, 17701989, 17710522, 17833094, 17864316, 17916701, 17928684, 17949146, 17966863, 17983958, 18013115, 18013541, 18021589, 18039066, 18063283, 18082704, 18083530, 18165729, 18192514, 18232667, 18250951, 18254511, 18350622, 18350814, 18359697, 18361270, 18378224, 18433793, 18460197, 18498328, 18508222, 18508866, 18559535, 18612807, 18687387, 18689091, 18696278, 18698542, 18719472, 18738408, 18821591, 18919575, 18934805, 18963176, 18991457, 19005440, 19035364, 19085815, 19136510, 19186871, 19200103, 19230250, 19346866, 19367169, 19383956, 19419075, 19424508, 19447934, 19470415, 19477201, 19527131, 19550828, 19559073, 19590455, 19623244, 19686550, 19698940, 19710121, 19786746, 19803509, 19805604, 19829525, 19842678, 19843898, 19855511, 19869315, 19915096, 19915718, 19919253, 19945670, 19948578, 20034868, 20073216, 20084322, 20132475, 20142344, 20221536, 20250199, 20323309, 20336915, 20350342, 20351686, 20354529, 20377587, 20385194, 20425858, 20430310, 20482113, 20536900, 20592882, 20620572, 20629846, 20640601, 20712572, 20714908, 20790000, 20820747, 20853656, 20873822, 20880222, 20880259, 20932652, 20961911, 20970394, 20979583, 20999471, 21009242, 21022118, 21079634, 21091894, 21096703, 21139731, 21180489, 21191206, 21201722, 21211372, 21270937, 21311734, 21331974, 21372492, 21395412, 21412290, 21419464, 21468229, 21498721, 21516734, 21546265, 21549265, 21606222, 21658008, 21661406, 21675290, 21680174, 21686646, 21709868, 21731609, 21739801, 21817712, 21840678, 21846822, 21852993, 21911952, 21915093, 21952181, 22077003, 22096567, 22149927, 22180463, 22197421, 22224825, 22226454, 22266881, 22348711, 22370757, 22385300, 22397747, 22441373, 22449601, 22510357, 22513654, 22522806, 22534506, 22561398, 22567464, 22568686, 22629997, 22643278, 22658677, 22706071, 22737599, 22740699, 22808278, 22856340, 22934025, 22988113, 23000411, 23016171, 23020541, 23021194, 23021968, 23035318, 23058967, 23075532, 23102795, 23184774, 23189167, 23293516, 23323668, 23332458, 23365947, 23387981, 23498608, 23546730, 23563343, 23567315, 23575115, 23595642, 23649431, 23658117, 23700969, 23707397, 23708891, 23766970, 23799928, 23847583, 23853156, 23861597, 23875676, 23898701, 23957413, 23991204, 24064732, 24066749, 24111337, 24157629, 24164324, 24213484, 24240642, 24279161, 24302541, 24309588, 24312933, 24337848, 24343909, 24367030, 24367060, 24367140, 24425845, 24433071, 24468290, 24501094, 24545304, 24564683, 24615939, 24620569, 24627724, 24634679, 24653832, 24676767, 24701944, 24708508, 24724322, 24752687, 24759517, 24874469, 24971296, 24981227, 24983825, 25002152, 25034837, 25039061, 25082869, 25122666, 25147215, 25256903, 25273005, 25277790, 25316234, 25338431, 25368713, 25388032, 25394208, 25491332, 25525455, 25529433, 25558609, 25585380, 25606202, 25654165, 25659163, 25665035, 25665750, 25812894, 25842329, 25872376, 25923043, 25931596, 25954597, 25965193, 26013096, 26137581, 26144611, 26364178, 26364725, 26409079, 26438057, 26459736, 26482028, 26519154, 26641278, 26657394, 26688492, 26714438, 26742482, 26756403, 26784039, 26791564, 26813461, 26826409, 26875197, 26929369, 26980693, 27031148, 27076348, 27079480, 27088636, 27110860, 27116293, 27119348, 27153456, 27168324, 27277731, 27299490, 27301303, 27419237, 27420059, 27429516, 27510322, 27522124, 27532478, 27543264, 27623822, 27653957, 27743764, 27760296, 27829105, 27838026, 27895879, 27915055, 27918306, 28006409, 28054128, 28101930, 28146617, 28187915, 28219772, 28338637, 28358449, 28371182, 28474371, 28480915, 28492390, 28499094, 28504955, 28505872, 28520209, 28565653, 28620658, 28635798, 28638756, 28680386, 28698744, 28767300, 28789327, 28849602, 28890558, 28923086, 28943307, 29001672, 29009394, 29027810, 29040884, 29090810, 29102373, 29128986, 29158990, 29241740, 29294792, 29344565, 29345074, 29396926, 29440227, 29456595, 29487966, 29504682, 29508144, 29596914, 29618091, 29647624, 29790997, 29817986, 29871341, 29875946, 29888129, 29960135, 29961798]
ohjelman suorittaminen kesti 0 millisekuntia

[23400, 75248, 78634, 81316, 217171, 236170, 259198, 352871, 354239, 381353, 393808, 397960, 438419, 479442, 528079, 579230, 618638, 649535, 742061, 754855, 814064, 816383, 818920, 832585, 835277, 856819, 867253, 873997, 910826, 925828, 940164, 960741, 971123, 1015508, 1041300, 1045513, 1048829, 1067598, 1099877, 1197662, 1206988, 1224730, 1377496, 1396074, 1529378, 1571635, 1582268, 1582354, 1595234, 1618971, 1634433, 1636220, 1639060, 1643900, 1659824, 1696583, 1707847, 1733909, 1748040, 1813604, 1822730, 1824633, 1866091, 1882611, 1893725, 1912301, 1925063, 1934702, 1943764, 2006024, 2098807, 2153721, 2181333, 2247468, 2286503, 2319013, 2331928, 2372871, 2389745, 2418549, 2498873, 2509707, 2538760, 2549634, 2576804, 2616896, 2617426, 2752468, 2754365, 2763210, 2787409, 2809659, 2815455, 2825538, 2868565, 2886002, 2909846, 3125064, 3144987, 3193163, 3207926, 3235274, 3280003, 3305817, 3311745, 3339396, 3398799, 3504489, 3510155, 3517419, 3544249, 3551536, 3558239, 3579667, 3607801, 3638000, 3655622, 3689871, 3692080, 3710059, 3763818, 3787975, 3809170, 3824018, 3828454, 3832067, 3958010, 3964849, 4003034, 4014775, 4048472, 4061179, 4067931, 4075466, 4130381, 4158943, 4167987, 4170494, 4184263, 4227621, 4229328, 4271548, 4308579, 4331182, 4349482, 4419489, 4448252, 4452536, 4458097, 4475547, 4510009, 4510924, 4511344, 4515282, 4529450, 4556330, 4574944, 4687858, 4706776, 4739769, 4766053, 4766360, 4775383, 4775591, 4778935, 4815217, 4824062, 4848776, 4861398, 4928202, 4935149, 4936919, 4948906, 4986009, 4994720, 5096549, 5129763, 5131217, 5180848, 5182013, 5218475, 5237861, 5277821, 5292335, 5319054, 5363770, 5436019, 5443467, 5468865, 5540628, 5605478, 5644145, 5676333, 5730624, 5732550, 5736230, 5742551, 5789878, 5802662, 5841693, 5842087, 5846156, 5847952, 5864466, 5869001, 5873110, 5875366, 5885211, 5914003, 5915859, 5918801, 5941361, 5950022, 5957343, 5957452, 5969823, 5977880, 5982906, 6055249, 6102219, 6113082, 6153845, 6199581, 6208763, 6280093, 6292423, 6292695, 6313907, 6323232, 6341937, 6361118, 6375141, 6455372, 6478591, 6496380, 6496392, 6518756, 6712079, 6781864, 6805001, 6856238, 6858213, 6865627, 6894334, 6908867, 6916493, 6937989, 6956614, 6961480, 6963968, 7049387, 7052866, 7110847, 7271873, 7293799, 7334948, 7336471, 7338695, 7339444, 7412189, 7413840, 7429175, 7454293, 7472845, 7499232, 7501305, 7517144, 7525503, 7526124, 7559285, 7571391, 7633926, 7711501, 7733267, 7756113, 7860507, 7922390, 7938574, 7950064, 7991774, 8029143, 8072251, 8085398, 8091858, 8097907, 8103723, 8110036, 8116039, 8124194, 8152914, 8152956, 8167333, 8183657, 8224486, 8264812, 8274694, 8285640, 8292643, 8312563, 8319466, 8358244, 8358995, 8363217, 8386603, 8401375, 8446795, 8469432, 8535971, 8542390, 8575550, 8579596, 8589786, 8590718, 8592628, 8605785, 8660832, 8700123, 8704627, 8736925, 8804841, 8830929, 8840811, 8851066, 8867803, 8924873, 8946914, 8973307, 8996775, 8997850, 9032818, 9065604, 9073803, 9160959, 9168841, 9186498, 9220078, 9266221, 9292663, 9293697, 9329626, 9347786, 9353300, 9369257, 9371717, 9445864, 9493123, 9500653, 9511961, 9554964, 9656164, 9707841, 9709804, 9752330, 9770506, 9770836, 9776981, 9807571, 9814385, 9838074, 9851175, 9861207, 9907221, 9913138, 9923432, 9928606, 9933775, 9993224, 10058428, 10165202, 10194686, 10201359, 10204050, 10250160, 10256029, 10256520, 10258063, 10280715, 10340110, 10417495, 10421447, 10439822, 10451661, 10547651, 10562819, 10583774, 10605781, 10608625, 10610686, 10654746, 10674388, 10718238, 10744039, 10781090, 10817612, 10846899, 10885934, 10910804, 10951407, 10993354, 11022590, 11037652, 11055188, 11062753, 11102653, 11110988, 11123087, 11173834, 11217084, 11292337, 11304145, 11304732, 11332328, 11369392, 11384777, 11395501, 11427662, 11473789, 11501871, 11535345, 11583275, 11627362, 11681601, 11682079, 11742480, 11804648, 11866321, 11910720, 11932116, 12006145, 12055152, 12093010, 12119057, 12126955, 12178358, 12193965, 12198719, 12200622, 12254160, 12279311, 12330347, 12337788, 12346000, 12352959, 12410125, 12459199, 12481438, 12507281, 12512581, 12524602, 12579521, 12610969, 12644622, 12675807, 12689572, 12693506, 12767814, 12779411, 12781133, 12818490, 12938994, 12994089, 13031960, 13054495, 13079041, 13124988, 13140929, 13158074, 13229595, 13231437, 13245318, 13266015, 13283302, 13309060, 13318506, 13342212, 13371079, 13376714, 13397138, 13496119, 13543131, 13628573, 13643399, 13669625, 13677485, 13680787, 13714255, 13728436, 13755646, 13798979, 13908705, 14085493, 14116866, 14138987, 14257504, 14401825, 14402961, 14412847, 14456654, 14466719, 14490000, 14500473, 14502963, 14539008, 14544117, 14547501, 14554931, 14569166, 14585935, 14608025, 14674782, 14685230, 14733355, 14753453, 14794362, 14803351, 14804412, 14838780, 14845673, 14879427, 14890218, 14963932, 14984426, 15001091, 15011200, 15058983, 15121199, 15128251, 15152269, 15191581, 15243594, 15288184, 15331313, 15333689, 15346095, 15391144, 15403344, 15423099, 15476027, 15486481, 15538180, 15560167, 15606848, 15636082, 15667280, 15677603, 15710996, 15778059, 15814237, 15828843, 15836378, 15880387, 15884280, 15930997, 16029207, 16098830, 16139893, 16163447, 16175474, 16209290, 16243289, 16277536, 16291521, 16294272, 16334843, 16336843, 16371117, 16372804, 16386965, 16412399, 16414139, 16420104, 16444651, 16476292, 16505525, 16519399, 16546768, 16552648, 16554992, 16558181, 16591897, 16597594, 16673253, 16704628, 16728527, 16734086, 16739894, 16766373, 16793716, 16839531, 16907366, 16908471, 16909092, 16962465, 16980380, 17029704, 17079080, 17124830, 17143063, 17154819, 17191454, 17247825, 17257357, 17322865, 17340225, 17342434, 17371002, 17450334, 17451123, 17472425, 17482653, 17521908, 17523504, 17540025, 17555446, 17557619, 17651302, 17653420, 17689259, 17702774, 17726344, 17727163, 17758050, 17761213, 17787100, 17850489, 17887086, 17897498, 17909050, 17928364, 18100393, 18117601, 18166105, 18169173, 18172489, 18225508, 18229785, 18246913, 18265566, 18303436, 18314630, 18326703, 18365942, 18395651, 18396957, 18414363, 18471969, 18477106, 18562024, 18608107, 18608525, 18623915, 18630312, 18644726, 18648450, 18691990, 18835916, 18952715, 18977787, 18984436, 18987429, 19008735, 19015517, 19092295, 19162731, 19195370, 19214495, 19281600, 19283990, 19292565, 19307073, 19348929, 19376153, 19386494, 19413240, 19415374, 19420294, 19510774, 19546667, 19685600, 19718062, 19815572, 19822778, 19877503, 19908728, 19934858, 20003095, 20085318, 20086211, 20174699, 20202518, 20206385, 20217929, 20232418, 20257061, 20355576, 20384546, 20406095, 20437466, 20447973, 20482369, 20494254, 20495235, 20529454, 20534220, 20650111, 20659430, 20707916, 20820060, 20839738, 20850839, 20858416, 20894864, 20907017, 20910270, 20930878, 20934391, 20977056, 20978935, 20980356, 21017950, 21052580, 21109563, 21115026, 21158481, 21204050, 21245442, 21253475, 21272820, 21317952, 21341685, 21367948, 21389149, 21414715, 21479024, 21563950, 21588331, 21600263, 21651957, 21715212, 21763847, 21763907, 21765648, 21779976, 21814416, 21819749, 21870310, 21880004, 22005842, 22015211, 22019742, 22085003, 22170968, 22176383, 22232799, 22239593, 22281641, 22292653, 22293556, 22320030, 22373169, 22397529, 22424551, 22443416, 22465433, 22483941, 22487590, 22513385, 22546291, 22604143, 22611143, 22624975, 22645778, 22651723, 22665474, 22671820, 22711199, 22758440, 22779125, 22988962, 23096478, 23108248, 23120310, 23121729, 23129005, 23170648, 23250473, 23264335, 23272975, 23360909, 23363730, 23393708, 23433784, 23446861, 23449013, 23483965, 23496472, 23514838, 23531463, 23570714, 23623314, 23681102, 23692383, 23735033, 23798975, 23804736, 23814844, 23818973, 23836602, 23865716, 23874461, 23884253, 23906804, 23934893, 23959008, 23986842, 24020566, 24136624, 24203330, 24205642, 24211516, 24212774, 24216726, 24252407, 24275350, 24386138, 24397586, 24402161, 24431094, 24447993, 24462679, 24498146, 24501131, 24599803, 24665386, 24675610, 24708724, 24719123, 24734842, 24736762, 24753380, 24759601, 24772110, 24812704, 24888219, 24929637, 24947177, 25001289, 25017474, 25031031, 25081963, 25122578, 25123513, 25163251, 25171341, 25253454, 25257752, 25330302, 25350402, 25446201, 25510561, 25515504, 25546479, 25655592, 25741512, 25750476, 25761367, 25787477, 25809795, 25810478, 25843284, 25886008, 25898690, 25911944, 25911991, 25940528, 25959417, 26001722, 26007024, 26010102, 26013509, 26078257, 26078570, 26116492, 26118638, 26118801, 26159930, 26176682, 26220511, 26233126, 26258862, 26355122, 26407345, 26442511, 26454059, 26455750, 26488811, 26544387, 26657019, 26812716, 26908517, 26931285, 26935876, 26938582, 26965029, 26990659, 27022797, 27027494, 27031553, 27075229, 27075577, 27092881, 27136494, 27177965, 27293168, 27311897, 27316625, 27382656, 27402499, 27414415, 27432103, 27526091, 27528853, 27555147, 27562268, 27624896, 27649588, 27688520, 27799187, 27857442, 27883286, 27920540, 27929286, 28019762, 28022668, 28065192, 28067213, 28115751, 28124241, 28137176, 28158044, 28237121, 28277011, 28292122, 28317923, 28327887, 28371177, 28414534, 28434198, 28441726, 28447137, 28470949, 28543472, 28617298, 28621596, 28683137, 28724793, 28767380, 28772925, 28783599, 28814792, 28837830, 28901788, 28916183, 28936163, 28940233, 28942190, 28967112, 29056524, 29075769, 29080713, 29150808, 29202943, 29221435, 29224090, 29267377, 29274317, 29290617, 29294688, 29304470, 29311934, 29317737, 29326431, 29380792, 29389779, 29423593, 29429941, 29481426, 29498915, 29562513, 29587314, 29627819, 29630430, 29697404, 29731645, 29784348, 29847348, 29852566, 29914564, 29980129, 29983511]
ohjelman suorittaminen kesti 1 millisekuntia

[15132, 15802, 58724, 78846, 100758, 122658, 151207, 169727, 243160, 272158, 340055, 386642, 406439, 407000, 435893, 447234, 455267, 481918, 485663, 621408, 659190, 675562, 753322, 762744, 766643, 779622, 782144, 801357, 825310, 856951, 866461, 925312, 955738, 956090, 991468, 1001712, 1061994, 1077653, 1084316, 1086740, 1160197, 1169030, 1188659, 1214768, 1224829, 1319892, 1356504, 1378733, 1381936, 1382262, 1439644, 1478619, 1496306, 1506936, 1590268, 1595478, 1636554, 1659721, 1688098, 1723790, 1741557, 1781758, 1800216, 1809996, 1816741, 1823187, 1855173, 1884618, 1936446, 1960273, 1985477, 1993579, 2016224, 2018487, 2039380, 2050337, 2061402, 2165024, 2236515, 2310143, 2319630, 2352635, 2429950, 2537403, 2551812, 2555591, 2574374, 2596431, 2725925, 2861023, 2895285, 2927671, 2965929, 2992553, 3002906, 3034345, 3034391, 3056084, 3105274, 3116109, 3280515, 3333284, 3353036, 3366694, 3391088, 3419520, 3490405, 3509036, 3545842, 3558895, 3570237, 3621288, 3621385, 3675092, 3776643, 3827513, 3865166, 3883786, 3892333, 3896723, 3911581, 3914910, 3949477, 3953111, 3983098, 3998929, 4007171, 4078349, 4113789, 4163296, 4194114, 4201779, 4228672, 4234123, 4318416, 4324245, 4370960, 4402404, 4407811, 4454130, 4506150, 4514310, 4550254, 4575659, 4627909, 4675576, 4681366, 4698084, 4729829, 4739764, 4767533, 4767801, 4840935, 4909908, 4960957, 4965370, 5018727, 5146264, 5205025, 5220251, 5227633, 5231492, 5291388, 5323133, 5332699, 5355884, 5356089, 5360148, 5394830, 5406818, 5426223, 5441666, 5450004, 5478199, 5482252, 5555985, 5573502, 5576784, 5578928, 5600178, 5613934, 5669629, 5681574, 5750471, 5807902, 5813980, 5836797, 5878280, 5887184, 5898604, 5899735, 5918094, 5938104, 5956637, 5957097, 5976828, 5987032, 6042364, 6168438, 6171764, 6209507, 6268088, 6299030, 6315522, 6404252, 6410984, 6422299, 6432332, 6443792, 6446994, 6449599, 6465661, 6469247, 6473109, 6502962, 6575209, 6602067, 6621654, 6630040, 6697349, 6725091, 6769918, 6829962, 6833063, 6849731, 6902320, 6942047, 6999554, 7006259, 7011817, 7114011, 7117500, 7182952, 7247721, 7250220, 7284156, 7315510, 7321665, 7356526, 7392742, 7429184, 7449138, 7451408, 7469655, 7478432, 7500945, 7533548, 7596942, 7599079, 7647397, 7659890, 7761165, 7774929, 7784146, 7875577, 7914868, 7915410, 7919917, 7979370, 8016330, 8028735, 8035150, 8065348, 8068629, 8104308, 8149730, 8262521, 8302932, 8314205, 8395103, 8489946, 8594894, 8626870, 8640336, 8737236, 8774674, 8778618, 8789868, 8815792, 8836096, 8840640, 8867694, 8898406, 8931970, 8939247, 8982933, 8987338, 9006937, 9008669, 9046133, 9048799, 9070854, 9083598, 9106199, 9113552, 9126827, 9130427, 9131935, 9173931, 9174021, 9178193, 9200472, 9236480, 9254623, 9311147, 9312244, 9362681, 9368082, 9387069, 9401285, 9411823, 9436280, 9448247, 9490531, 9502518, 9537470, 9618193, 9644784, 9646148, 9663695, 9783220, 9797791, 9803146, 9831754, 9838716, 9852358, 9862077, 9900672, 9937088, 9948292, 10033292, 10036863, 10044519, 10060519, 10097570, 10121384, 10147200, 10212327, 10359686, 10409367, 10430697, 10488183, 10502597, 10503397, 10584188, 10603518, 10607991, 10625049, 10673805, 10707917, 10739007, 10758345, 10761893, 10786198, 10798558, 10825893, 10840975, 10846258, 10865708, 10874757, 10953420, 10962675, 10966451, 10972414, 10977049, 11010350, 11063266, 11141194, 11164911, 11180178, 11288205, 11317520, 11323510, 11393855, 11399062, 11412036, 11551540, 11551942, 11561932, 11571404, 11584071, 11624950, 11626599, 11660773, 11677477, 11762463, 11768425, 11797291, 11813949, 11831698, 11887371, 11896666, 11951234, 11961150, 11972397, 11975531, 12024423, 12026858, 12037513, 12074883, 12077200, 12177485, 12190711, 12199629, 12241914, 12279607, 12326220, 12330618, 12369443, 12424344, 12513198, 12528168, 12566545, 12570209, 12689185, 12712403, 12716408, 12741882, 12770035, 12777424, 12793770, 12800002, 12864372, 12949633, 12959005, 13017400, 13029863, 13033737, 13035722, 13096626, 13173394, 13201205, 13237218, 13241101, 13279124, 13289209, 13291142, 13293979, 13312923, 13342962, 13405477, 13405954, 13425614, 13533787, 13538643, 13591621, 13625882, 13664112, 13667486, 13682971, 13697505, 13796847, 13820608, 13824106, 13858347, 13873114, 13899323, 13970461, 13983963, 13993967, 13999236, 14042576, 14071190, 14079703, 14167900, 14180664, 14197031, 14226418, 14236363, 14261930, 14298090, 14301318, 14305021, 14316892, 14359291, 14401609, 14480425, 14538286, 14557594, 14560230, 14561382, 14591028, 14595583, 14601905, 14639645, 14642403, 14656349, 14707574, 14721881, 14726541, 14744472, 14750579, 14768282, 14769626, 14774384, 14857424, 14941453, 15042710, 15139786, 15140340, 15243980, 15258776, 15286132, 15317300, 15353772, 15359259, 15408680, 15432388, 15474493, 15492397, 15515328, 15560239, 15601048, 15680124, 15702415, 15719189, 15780600, 15787681, 15790086, 15806389, 15825911, 15828196, 15864661, 15924746, 15929714, 15950172, 15966829, 15984003, 15999351, 16121551, 16139017, 16211530, 16248673, 16261745, 16300928, 16335042, 16353851, 16379279, 16390980, 16408881, 16416631, 16417800, 16454286, 16500401, 16501630, 16513251, 16526053, 16526823, 16544700, 16579943, 16589662, 16628379, 16686866, 16693232, 16711936, 16754655, 16803426, 16829446, 16831026, 16847954, 16857168, 16866482, 16895600, 16912197, 16918836, 16954369, 16964186, 17051357, 17082045, 17093480, 17098050, 17106799, 17120453, 17123955, 17215143, 17229260, 17283528, 17297509, 17317583, 17335823, 17339354, 17396831, 17479395, 17510556, 17592960, 17607179, 17613891, 17619569, 17684013, 17706274, 17734502, 17746874, 17753000, 17754711, 17757346, 17790763, 17831896, 17896733, 17898982, 17932522, 18001068, 18039702, 18090984, 18115344, 18123403, 18137718, 18172475, 18177768, 18179332, 18185112, 18193128, 18227529, 18229288, 18286624, 18303357, 18387314, 18480753, 18511954, 18581760, 18585701, 18650115, 18692521, 18712857, 18721242, 18743648, 18747685, 18749765, 18770102, 18788373, 18820837, 18861468, 18912540, 18916410, 18917404, 18937910, 18938313, 19035896, 19057219, 19059244, 19128537, 19156516, 19206789, 19217924, 19221785, 19227939, 19230921, 19236898, 19299216, 19313834, 19359146, 19371294, 19392959, 19396350, 19400637, 19443839, 19467661, 19468397, 19513097, 19541954, 19585019, 19627771, 19652596, 19655323, 19663562, 19676087, 19715728, 19726634, 19871454, 19897656, 19933507, 19940399, 19943891, 19951799, 19955844, 20017963, 20061385, 20069052, 20076782, 20087476, 20092617, 20123174, 20177304, 20200560, 20201447, 20230655, 20338668, 20374846, 20384892, 20392508, 20403177, 20409644, 20437442, 20439618, 20474813, 20476031, 20495816, 20496167, 20503021, 20543694, 20559265, 20597654, 20615061, 20628025, 20669834, 20702189, 20711411, 20723543, 20733478, 20765615, 20796245, 20805787, 20814398, 20830692, 20850467, 20901581, 20907268, 20912224, 20939988, 20957900, 20973516, 20993710, 21025458, 21043394, 21064576, 21080130, 21085551, 21088816, 21094978, 21099790, 21123194, 21138817, 21182074, 21183744, 21199782, 21221119, 21270636, 21281417, 21312608, 21386210, 21401520, 21412456, 21429674, 21452318, 21476112, 21504070, 21554320, 21592301, 21619107, 21733957, 21736052, 21791644, 21806044, 21826924, 21850366, 21854982, 21859913, 21931972, 21983594, 22031686, 22045672, 22104744, 22124878, 22166458, 22201433, 22204047, 22309966, 22317847, 22340758, 22341534, 22364236, 22368406, 22462873, 22502215, 22553378, 22567769, 22567857, 22591956, 22606715, 22610696, 22638753, 22668074, 22691954, 22787856, 22897447, 22898167, 22920247, 22958128, 22977800, 22991026, 23000891, 23001111, 23145147, 23174546, 23199908, 23252409, 23354110, 23389268, 23427907, 23499366, 23553733, 23604084, 23727600, 23739996, 23748530, 23756907, 23757616, 23780533, 23809879, 23833007, 23844895, 23852856, 23890675, 23923061, 23926719, 23940916, 23998346, 24035853, 24040630, 24130424, 24176001, 24181378, 24229987, 24262790, 24270177, 24273051, 24281659, 24286941, 24289261, 24309467, 24393042, 24400356, 24428195, 24479652, 24495096, 24549180, 24587800, 24590041, 24655862, 24663913, 24712968, 24782017, 24782655, 24819637, 24860972, 24873004, 24940129, 25009225, 25019431, 25083083, 25140217, 25159417, 25164909, 25177813, 25186477, 25258285, 25277095, 25298612, 25373134, 25468814, 25473887, 25498949, 25525051, 25557298, 25675990, 25678734, 25704044, 25712009, 25741958, 25751243, 25758493, 25796487, 25889041, 26036080, 26038522, 26056443, 26112615, 26179958, 26199943, 26212359, 26229078, 26279415, 26426716, 26438686, 26446611, 26451372, 26485178, 26494728, 26556742, 26581609, 26631854, 26633801, 26668350, 26690311, 26697897, 26699727, 26820536, 26860386, 26876076, 26897507, 26898889, 26910263, 26932247, 26954560, 26955694, 26967818, 26992570, 27006529, 27052487, 27080697, 27093012, 27103763, 27127759, 27255593, 27331485, 27352096, 27409115, 27433394, 27447554, 27501505, 27554261, 27568875, 27572219, 27601813, 27609865, 27675005, 27687740, 27709456, 27734587, 27829379, 27839671, 27864353, 27871615, 27929643, 27940577, 27951138, 27963558, 27995842, 28038798, 28085387, 28091928, 28098389, 28102461, 28124198, 28128275, 28154756, 28164029, 28236981, 28254219, 28282471, 28296404, 28317387, 28328218, 28363222, 28404844, 28409755, 28439135, 28449109, 28450481, 28460432, 28488831, 28493494, 28499103, 28510154, 28560764, 28574176, 28583095, 28630440, 28665561, 28841248, 28846966, 28878288, 28880637, 28937250, 28978131, 28980390, 28995810, 29039579, 29057839, 29116779, 29157029, 29226150, 29250190, 29273677, 29274123, 29288546, 29349659, 29379985, 29428921, 29519520, 29546471, 29554661, 29632734, 29645727, 29708059, 29717452, 29775420, 29776395, 29883760, 29885001, 29919429]
ohjelman suorittaminen kesti 0 millisekuntia



Quicksort 500 muuttujan ajat:

[149289, 239887, 277223, 324120, 359835, 363924, 447638, 470950, 540285, 541798, 595295, 744000, 804591, 826855, 861508, 886007, 909946, 913833, 995010, 1052986, 1086363, 1093106, 1240120, 1282115, 1325300, 1331983, 1341792, 1492768, 1493284, 1635318, 1823368, 1934797, 1967552, 2132903, 2139460, 2198883, 2331826, 2519489, 2564281, 2638984, 2752447, 2756953, 2856499, 2899539, 2955310, 2992498, 3035886, 3140719, 3195542, 3231943, 3249009, 3273347, 3288734, 3352960, 3401046, 3401582, 3478054, 3549785, 3642101, 3667979, 3707552, 3712378, 3718824, 3862175, 3880758, 3881381, 3985293, 4022299, 4039793, 4074343, 4169456, 4180818, 4211116, 4231771, 4239987, 4260184, 4378112, 4385362, 4448687, 4517605, 4543450, 4614807, 4615984, 4620682, 4656093, 4719561, 4740239, 4749732, 4872991, 4944088, 4971175, 5135740, 5190209, 5208809, 5218442, 5306675, 5374636, 5387891, 5389507, 5392453, 5604311, 5656069, 5842997, 5916155, 5985631, 5997027, 6011167, 6095202, 6109228, 6115514, 6118194, 6146570, 6205316, 6244388, 6251861, 6305033, 6307926, 6341026, 6399900, 6431587, 6467686, 6505924, 6545378, 6705173, 6799964, 6800084, 6921733, 6938049, 6962683, 6992465, 7054968, 7062935, 7108230, 7144659, 7167467, 7227368, 7246698, 7265970, 7319662, 7324745, 7422688, 7497964, 7505665, 7702707, 7907067, 8016382, 8064616, 8101668, 8153634, 8206623, 8207449, 8221117, 8387570, 8446324, 8462853, 8480798, 8495051, 8570307, 8603942, 8634950, 8687983, 8767338, 8812247, 8939757, 8965278, 9069191, 9098451, 9117940, 9133422, 9141366, 9315392, 9350465, 9424365, 9467599, 9470673, 9517476, 9528490, 9532585, 9726314, 9750877, 9803046, 9814474, 9851767, 9892984, 10147635, 10179532, 10237035, 10253386, 10306296, 10331282, 10434507, 10488304, 10557059, 10566244, 10595898, 10606894, 10682121, 10688292, 10709413, 10839349, 10849950, 10928468, 10985808, 10988941, 11156649, 11162175, 11282143, 11295960, 11308277, 11356381, 11477658, 11540796, 11805085, 11835358, 11928172, 12024836, 12062781, 12077689, 12143955, 12161833, 12244627, 12274927, 12323970, 12384413, 12466292, 12468988, 12489877, 12597789, 12626757, 12688344, 12761157, 12777416, 12794790, 13003566, 13005643, 13006958, 13009052, 13144733, 13293623, 13324222, 13331710, 13390404, 13408443, 13444012, 13468255, 13587152, 13595919, 13770812, 13805879, 13853892, 13915807, 13975087, 14080160, 14100077, 14118081, 14168578, 14172446, 14241650, 14494248, 14534217, 14563091, 14600561, 14633935, 14641330, 14729377, 14892877, 14899549, 14961130, 14983291, 15025848, 15026929, 15041874, 15066240, 15070473, 15155726, 15301206, 15390155, 15415100, 15435833, 15442460, 15593182, 15601453, 15622519, 15780482, 15787645, 15800018, 15848028, 16027329, 16047537, 16113692, 16130190, 16153055, 16189213, 16353566, 16402010, 16488058, 16504451, 16528610, 16545838, 16657346, 16759006, 16888534, 16928697, 16938051, 16953304, 16990028, 17049800, 17148264, 17247129, 17329180, 17392376, 17449392, 17566274, 17661250, 17699416, 17780166, 17787969, 17877731, 17878110, 17903273, 17975458, 17976451, 18042697, 18160948, 18340882, 18364693, 18448744, 18615554, 18795642, 18795829, 18853951, 19061733, 19196725, 19222218, 19242721, 19254157, 19355601, 19358871, 19413481, 19435671, 19435684, 19784885, 19807621, 19924601, 19958856, 20000829, 20052391, 20235819, 20248326, 20278604, 20304444, 20306835, 20342007, 20355101, 20387905, 20414534, 20474708, 20540703, 20626928, 20638951, 20729243, 20798956, 20809125, 20838814, 20895216, 20915212, 20995502, 21163828, 21180211, 21187000, 21269033, 21292139, 21341246, 21363400, 21431061, 21496972, 21528240, 21618309, 21689929, 21736127, 21823567, 21897033, 21945838, 22090857, 22139487, 22181516, 22232883, 22291654, 22325601, 22403637, 22452012, 22514103, 22563291, 22608313, 22641859, 22725680, 22766549, 22823190, 22831360, 22907098, 23003177, 23034994, 23150829, 23230878, 23273065, 23333080, 23378922, 23390999, 23422975, 23449463, 23468620, 23518630, 23581778, 23589179, 23717977, 23816746, 23817968, 23845191, 23927779, 24087068, 24112782, 24175381, 24313904, 24330386, 24529781, 24559918, 24727559, 25034024, 25065940, 25086369, 25126486, 25251429, 25319466, 25335912, 25355892, 25578488, 25716252, 25731169, 25752361, 25822699, 25851233, 25853820, 25987051, 25987868, 26036704, 26150904, 26229657, 26369609, 26544428, 26588996, 26596233, 26694897, 26721817, 26760896, 26814490, 26926388, 27002312, 27051666, 27083770, 27092557, 27155472, 27210989, 27251145, 27301560, 27322131, 27384026, 27464307, 27496805, 27502213, 27522286, 27711762, 27882675, 27893058, 28032247, 28189486, 28308662, 28409865, 28445891, 28853878, 28888678, 28943553, 28958976, 28961872, 29026500, 29035931, 29094195, 29234105, 29295667, 29353329, 29407319, 29483031, 29638876, 29670215, 29715487, 29719016, 29803215, 29824532, 29849812, 29867757, 29930201]
ohjelman suorittaminen kesti 123800 nanosekuntia

[27262, 117671, 132610, 141338, 148691, 185609, 340824, 507171, 559679, 565121, 577797, 582839, 785012, 814522, 901653, 912096, 939184, 1013029, 1049696, 1159239, 1163282, 1192689, 1196006, 1306030, 1383182, 1525377, 1552219, 1865615, 2040530, 2049912, 2081686, 2146009, 2161390, 2237002, 2302738, 2367771, 2376939, 2398793, 2411449, 2414167, 2466392, 2585651, 2596407, 2626558, 2628285, 2628551, 2729843, 2890197, 2964594, 2976461, 3056603, 3112214, 3174261, 3228111, 3291975, 3312648, 3446169, 3579043, 3594360, 3652263, 3700907, 3732102, 3758707, 3804548, 3945166, 4094492, 4113243, 4118751, 4145289, 4261681, 4302327, 4430519, 4571836, 4608199, 4645554, 4711268, 4738906, 4770948, 5044507, 5134468, 5159676, 5179699, 5202698, 5387473, 5407381, 5556342, 5629675, 5643017, 5689712, 5743908, 5757702, 5864244, 5910349, 5918371, 5961834, 6012557, 6042211, 6243804, 6246177, 6257855, 6343344, 6347240, 6512589, 6578213, 6625777, 6722771, 6839255, 6862784, 7156383, 7203362, 7431238, 7526613, 7632266, 7725493, 7726139, 7733924, 7766439, 7917748, 7921613, 7961146, 7967094, 7983770, 7984420, 7999298, 8078103, 8341497, 8401741, 8415329, 8428841, 8544077, 8610009, 8631671, 8665354, 8794515, 8883248, 8926933, 8995269, 9045316, 9143435, 9162586, 9218537, 9300111, 9335923, 9338996, 9353960, 9373423, 9380146, 9433624, 9439810, 9542046, 9641645, 9656912, 9722501, 9800181, 9801613, 9896261, 10020066, 10151571, 10157911, 10161121, 10169039, 10218004, 10219178, 10277359, 10496016, 10505827, 10541640, 10587991, 10611489, 10631475, 10634152, 10680722, 10776128, 10805730, 10886440, 10945428, 11046307, 11107345, 11219795, 11297535, 11307417, 11344683, 11357310, 11419347, 11429745, 11433851, 11678157, 11724657, 11841794, 11903614, 11938659, 12070689, 12260832, 12295217, 12322878, 12424641, 12468643, 12491315, 12518423, 12535394, 12683737, 12689198, 12753422, 12879176, 12898164, 13029500, 13184242, 13207220, 13221727, 13255181, 13362029, 13437873, 13573957, 13658532, 13774454, 13799652, 13815182, 13829258, 13890363, 14011769, 14055130, 14102773, 14103229, 14225035, 14271673, 14424844, 14494657, 14511312, 14589824, 14610751, 14628019, 14634030, 14665168, 14693703, 14694342, 14712793, 14768234, 14838842, 14883069, 14887591, 14935294, 14966905, 15033251, 15074020, 15098449, 15121922, 15127172, 15153401, 15191362, 15200486, 15252265, 15274405, 15364250, 15455314, 15545476, 15668996, 15713063, 15714779, 15736254, 15759131, 15767456, 15893865, 15997065, 16033570, 16113633, 16235183, 16254600, 16254813, 16263547, 16309018, 16355432, 16634778, 16673972, 16674361, 16742441, 16773211, 16894651, 17046766, 17113777, 17145864, 17155677, 17169067, 17279283, 17331149, 17362901, 17364917, 17419291, 17466484, 17555176, 17560324, 17576667, 17584001, 17622786, 17705756, 17706145, 18086792, 18145662, 18173547, 18243573, 18256691, 18303284, 18349902, 18360412, 18442008, 18471032, 18527206, 18585482, 18628856, 18695505, 18807753, 18824726, 18912965, 18945569, 18958829, 19206245, 19207101, 19215524, 19290291, 19383902, 19445153, 19811785, 19811836, 19973599, 19975694, 20007758, 20057631, 20059649, 20147625, 20356112, 20411069, 20461461, 20466936, 20473595, 20497590, 20535110, 20614382, 20745634, 20844277, 20868053, 20915863, 20933897, 20952539, 21273903, 21287294, 21301684, 21456307, 21485282, 21507978, 21546232, 21646975, 21769460, 21783151, 21785434, 21868252, 21934088, 22053191, 22065289, 22073255, 22074831, 22188317, 22259091, 22326882, 22401013, 22488636, 22531718, 22575713, 22582294, 22622639, 22686000, 22751987, 22885161, 22892580, 22977926, 22985930, 23053017, 23082765, 23243824, 23345894, 23385467, 23404416, 23488455, 23511614, 23593377, 23626398, 23698352, 23702351, 23711210, 23716232, 23718758, 23732119, 23755868, 23759687, 23852139, 23972870, 24085972, 24276268, 24280417, 24336314, 24512206, 24536988, 24557079, 24565252, 24573688, 24605589, 24645403, 24647294, 24725699, 24774800, 24789442, 24902344, 24941830, 24987317, 24989885, 25035550, 25045290, 25089765, 25178993, 25204692, 25234128, 25247458, 25271788, 25371983, 25377021, 25387576, 25390387, 25426775, 25439432, 25484987, 25586257, 25592741, 25745658, 25828867, 25867754, 25877116, 25900205, 25924572, 25981756, 26071402, 26185582, 26239831, 26269147, 26442008, 26526095, 26550597, 26632835, 26706217, 26716162, 26756072, 26867036, 26941734, 26954738, 26957205, 26966939, 27002259, 27224514, 27409709, 27542327, 27715054, 27731492, 27806735, 27834688, 27872453, 27943279, 27964141, 27969383, 27991789, 28053335, 28137574, 28169731, 28195621, 28294338, 28305682, 28444892, 28545398, 28552473, 28589786, 28603919, 28684538, 28750868, 28915166, 28929906, 28948352, 29005785, 29018543, 29035200, 29076246, 29378998, 29476257, 29477535, 29483380, 29559626, 29592310, 29600422, 29644494, 29654831, 29751733, 29752604, 29834945, 29868164, 29888453]
ohjelman suorittaminen kesti 126100 nanosekuntia

[133923, 156353, 214289, 260573, 291402, 364356, 395469, 439019, 480865, 547104, 714104, 727490, 802527, 872510, 933535, 1155198, 1163577, 1177477, 1275157, 1285992, 1331086, 1449679, 1566493, 1584220, 1637827, 1820819, 1896206, 1977247, 1995114, 2001326, 2046602, 2077902, 2081406, 2166549, 2189007, 2211342, 2244160, 2289186, 2308930, 2329284, 2368908, 2391260, 2435485, 2568514, 2591795, 2667751, 2682211, 2825759, 2878463, 2898338, 2922455, 3182209, 3192262, 3197634, 3274700, 3312401, 3428070, 3436833, 3504066, 3532781, 3607501, 3692290, 3741638, 3833693, 3858751, 3892452, 3983928, 4036054, 4048981, 4062315, 4102898, 4178301, 4296444, 4313705, 4473637, 4477867, 4478526, 4503817, 4524666, 4588148, 4618623, 4657878, 4710150, 4814804, 5022391, 5035183, 5041143, 5102517, 5125084, 5146118, 5185738, 5419902, 5465927, 5472638, 5780182, 5814799, 5824526, 5933899, 5985811, 5987372, 5993392, 6134504, 6189171, 6438098, 6485969, 6518370, 6520057, 6520117, 6597055, 6640495, 6697860, 6860295, 7299255, 7311093, 7317371, 7372662, 7374595, 7422466, 7424675, 7427004, 7466426, 7519661, 7578382, 7615090, 7699439, 7794791, 7803669, 7894926, 7932718, 8020324, 8029402, 8044985, 8066071, 8125557, 8142904, 8223113, 8397766, 8407442, 8420079, 8435345, 8454688, 8471523, 8520909, 8577878, 8689148, 8700301, 8730737, 8755383, 8807523, 8877133, 8881374, 9042508, 9082715, 9118679, 9158601, 9201859, 9364809, 9465150, 9578403, 9583782, 9590079, 9610875, 9690660, 9886458, 10010197, 10038943, 10039820, 10095188, 10113294, 10150269, 10296186, 10297741, 10344771, 10388959, 10471716, 10551585, 10597209, 10609822, 10682118, 10682885, 10683031, 10716821, 10733315, 10770257, 10825935, 10843318, 11321013, 11346325, 11441476, 11442798, 11457856, 11572076, 11615796, 11641708, 11646996, 11664557, 11677915, 11766334, 11847032, 11912607, 11925996, 11953506, 12056663, 12128484, 12256854, 12326643, 12332794, 12355392, 12434036, 12489158, 12555167, 12639337, 12716273, 12781936, 12837236, 12952931, 13030760, 13113767, 13168710, 13487736, 13515578, 13516877, 13518683, 13572266, 13607486, 13750577, 13758552, 13783279, 13827684, 13921384, 13933556, 13937185, 13940648, 13947172, 14004903, 14058610, 14076096, 14096873, 14113636, 14196880, 14205118, 14208172, 14240138, 14325160, 14353208, 14419194, 14427931, 14447212, 14475129, 14528430, 14599950, 14678505, 14700233, 14793768, 14923912, 14958793, 15009666, 15021623, 15061370, 15086408, 15110092, 15138711, 15189022, 15379036, 15440946, 15517843, 15629501, 15695617, 15750685, 15759048, 15762584, 15796482, 15968152, 16034331, 16186978, 16221127, 16242850, 16272716, 16630349, 16639130, 16644136, 16660116, 16685629, 16746963, 16903550, 16927642, 17034285, 17127465, 17143306, 17227272, 17231793, 17286435, 17329635, 17330105, 17340942, 17441016, 17484754, 17575511, 17653485, 17737290, 17784593, 17916899, 18083345, 18092475, 18094653, 18227881, 18245203, 18291454, 18323701, 18352340, 18452512, 18455408, 18498405, 18501331, 18586696, 18631581, 18720164, 18746679, 18754577, 18770613, 18884223, 18897483, 18903520, 19022515, 19026459, 19036170, 19208373, 19319770, 19454104, 19510184, 19514939, 19553272, 19554115, 19635972, 19746011, 19819330, 19843912, 19867252, 19877351, 19906681, 19909487, 20051006, 20178229, 20244207, 20252873, 20291838, 20313848, 20529761, 20661155, 20704855, 20760734, 20767165, 20988583, 21071226, 21140422, 21231234, 21322746, 21327254, 21341513, 21431594, 21449878, 21478610, 21526288, 21611992, 21633578, 21670944, 21678089, 21721469, 21769854, 21777947, 21807989, 21922283, 22002755, 22004945, 22004948, 22104720, 22175339, 22223606, 22239734, 22261108, 22365589, 22460317, 22543702, 22564521, 22612542, 22739912, 22750068, 22766648, 22826727, 22843236, 22955307, 23034995, 23074541, 23158777, 23175503, 23201429, 23268673, 23462501, 23463568, 23487423, 23513105, 23577796, 23638357, 23780771, 23854491, 24091735, 24199417, 24256360, 24329946, 24335866, 24403770, 24431473, 24445151, 24450396, 24461210, 24525711, 24558212, 24568018, 24583069, 24586022, 24629296, 24719196, 24860515, 24878332, 24888558, 24979822, 25019200, 25040779, 25065614, 25119975, 25314748, 25333862, 25421105, 25435803, 25477702, 25598651, 25647671, 25724306, 25868547, 25992052, 25993754, 26059047, 26164679, 26344740, 26411463, 26468712, 26513568, 26520592, 26577814, 26627593, 26669213, 26695099, 26734741, 26736307, 26786100, 26791719, 27005593, 27048317, 27177311, 27257399, 27445845, 27446576, 27506325, 27570297, 27731496, 27820358, 27846711, 27871176, 27926256, 28022775, 28143095, 28320298, 28370501, 28393669, 28472127, 28642628, 28682627, 28694942, 28735864, 28747984, 28763394, 28807394, 28929301, 29238300, 29242446, 29265115, 29308516, 29432504, 29439326, 29443938, 29498325, 29561177, 29613143, 29627740, 29643937, 29688934, 29761862, 29831224, 29899342, 29984675]
ohjelman suorittaminen kesti 122600 nanosekuntia

[29210, 130542, 168957, 230679, 361463, 464730, 510154, 543515, 547028, 604553, 678489, 769745, 854782, 870694, 897814, 915616, 984788, 988414, 1067916, 1144473, 1199885, 1202419, 1223068, 1227415, 1429734, 1434071, 1582964, 1660983, 1794100, 2020703, 2075029, 2198398, 2231015, 2453759, 2464409, 2719525, 2816005, 2902815, 2981762, 3003147, 3062526, 3062879, 3071887, 3121133, 3167801, 3290953, 3320559, 3534032, 3573783, 3648800, 3659629, 3753124, 3790209, 3894118, 3914085, 4065686, 4092498, 4324252, 4325128, 4482491, 4853737, 4865822, 4908922, 4962229, 4964719, 5038735, 5039296, 5062764, 5255976, 5257905, 5334840, 5405398, 5413119, 5474265, 5483926, 5516831, 5542555, 5546706, 5551065, 5641060, 5805117, 5839283, 5845946, 5962727, 6017662, 6035688, 6079527, 6080774, 6120759, 6195796, 6269003, 6402038, 6405126, 6440545, 6520903, 6631110, 6651609, 6683132, 6694416, 6717125, 6871779, 6902493, 7003176, 7048757, 7093774, 7122370, 7239489, 7350207, 7378336, 7388306, 7434600, 7444763, 7544202, 7644444, 7655635, 7733436, 7771317, 7779846, 7801554, 7854304, 7864229, 7887664, 7902409, 7967153, 7974083, 8019267, 8094614, 8107038, 8123723, 8160314, 8185948, 8241904, 8276272, 8370151, 8489741, 8564988, 8603750, 8666730, 8666762, 8677238, 8715164, 8789563, 8793014, 8800262, 8827572, 8830070, 8852753, 8879967, 8900061, 8903152, 8949413, 8990409, 9114455, 9115322, 9119598, 9238112, 9251105, 9360032, 9467339, 9559129, 9582340, 9694669, 9734288, 9899225, 9951072, 9982872, 10049470, 10052592, 10083984, 10129865, 10321914, 10345218, 10371512, 10389018, 10412859, 10434166, 10494391, 10505314, 10580586, 10665364, 10792768, 10819563, 10958170, 11133364, 11189588, 11198823, 11217658, 11219726, 11241014, 11315130, 11323260, 11411610, 11490443, 11544285, 11576520, 11647011, 11691622, 11692584, 11780081, 11845259, 11848539, 11887421, 11944669, 12008546, 12110690, 12147790, 12196697, 12198408, 12225017, 12305192, 12359639, 12372754, 12399246, 12444552, 12456262, 12474249, 12570112, 12614886, 12645260, 12708600, 12745175, 12747332, 12808372, 13011241, 13079984, 13220738, 13376050, 13377923, 13397789, 13420412, 13431313, 13471226, 13520435, 13563798, 13655025, 13664672, 13740857, 13747341, 13758230, 13802613, 13820229, 13908118, 13976689, 14057617, 14113735, 14276923, 14320951, 14496955, 14580005, 14615955, 14616150, 14624912, 14648653, 14725890, 14742522, 14767610, 14808618, 14879702, 15283822, 15374873, 15430498, 15463316, 15533824, 15616477, 15733147, 15843356, 15843716, 15992178, 15993011, 16001766, 16082236, 16152461, 16213194, 16230600, 16245244, 16276727, 16299991, 16414542, 16538400, 16653418, 16660141, 16690247, 16757087, 16757218, 16797417, 16839769, 16859310, 16861716, 16940334, 16953197, 17053004, 17246158, 17248702, 17272354, 17353525, 17418137, 17566595, 17573641, 17592117, 17648603, 17695031, 17838409, 17881687, 17912460, 17935778, 17978068, 17994948, 17996658, 18146450, 18147382, 18154819, 18261932, 18344378, 18360448, 18397241, 18439651, 18518429, 19072205, 19076598, 19231560, 19254470, 19422200, 19473471, 19482540, 19508225, 19636343, 19680219, 19727581, 19804975, 19816522, 19866198, 19915251, 20044069, 20051111, 20057747, 20067147, 20084329, 20165135, 20169222, 20200804, 20238687, 20345027, 20364841, 20408775, 20452773, 20584788, 20730604, 20732268, 20733869, 20782705, 20847260, 20863018, 20901382, 20904108, 20932708, 21062803, 21096679, 21102248, 21149918, 21196719, 21512278, 21514855, 21656025, 21710103, 21738143, 21762702, 21762768, 21774060, 21926719, 21932582, 21945682, 21972859, 21990063, 21990906, 22028112, 22089923, 22094740, 22201264, 22202889, 22205880, 22219893, 22295987, 22455553, 22477601, 22577241, 22593248, 22772955, 22804707, 22859787, 22867790, 22872249, 22876016, 22954584, 22957479, 22984172, 23141695, 23144800, 23174445, 23184965, 23312108, 23338186, 23392250, 23422028, 23462595, 23508001, 23601520, 23674592, 23884692, 23901198, 24075322, 24136116, 24179510, 24211125, 24254628, 24268008, 24279137, 24331269, 24386553, 24440742, 24499066, 24732093, 24732798, 24791900, 24856423, 24982317, 24997912, 25088825, 25306488, 25364714, 25440928, 25454121, 25520999, 25591225, 25651169, 25684600, 25787742, 26021802, 26088350, 26139591, 26208741, 26236386, 26270275, 26305878, 26323322, 26407905, 26416703, 26574891, 26672364, 26762158, 26866833, 26940915, 26968783, 27003853, 27017008, 27050435, 27165326, 27219684, 27258974, 27347484, 27416536, 27573108, 27627197, 27701635, 27743537, 27786271, 27817008, 27850609, 27859540, 27889323, 27907546, 27991020, 28024392, 28024759, 28190116, 28311744, 28331298, 28377796, 28450217, 28638008, 28659151, 28744816, 28830697, 28960224, 29250674, 29253245, 29256760, 29282070, 29305923, 29362948, 29365505, 29366282, 29445661, 29457825, 29518579, 29558705, 29764254, 29804682, 29818039, 29828359, 29936238]
ohjelman suorittaminen kesti 128200 nanosekuntia

[588, 93536, 198462, 234090, 358113, 402945, 404656, 437887, 513573, 671557, 722095, 747277, 1007762, 1049501, 1075851, 1094092, 1113812, 1199435, 1318329, 1322427, 1332796, 1505554, 1518665, 1623808, 1651686, 1727466, 1765332, 1827633, 1834615, 1851225, 1867569, 1874113, 1887032, 2023831, 2052094, 2073723, 2091733, 2130959, 2270094, 2339413, 2370229, 2464266, 2503977, 2505645, 2637200, 2715714, 2755744, 2970440, 2999597, 3003679, 3011102, 3019381, 3104400, 3141650, 3172943, 3185974, 3463243, 3483486, 3512674, 3622236, 3724604, 3841834, 3842890, 3877711, 3903325, 3932213, 4036774, 4048903, 4090398, 4103193, 4167754, 4227902, 4242695, 4338783, 4409449, 4512676, 4617625, 4680141, 4718453, 4763181, 4792055, 4799717, 4857765, 4908052, 4991117, 5071443, 5080412, 5108779, 5180784, 5251752, 5477081, 5688333, 5732384, 6001991, 6007203, 6019727, 6171458, 6195306, 6202645, 6219445, 6239032, 6240599, 6242212, 6291089, 6330255, 6331635, 6336475, 6353016, 6499194, 6549405, 6669893, 6721002, 6733587, 6758940, 6781546, 6838176, 6924957, 6972026, 6994623, 7039071, 7051440, 7065950, 7082765, 7103112, 7145802, 7252044, 7270005, 7308058, 7422570, 7423127, 7437526, 7542553, 7667565, 7740574, 7804642, 7813928, 7845624, 7862086, 7884361, 7915209, 7934081, 8083867, 8123565, 8145368, 8231573, 8406948, 8409007, 8514916, 8530889, 8627706, 8642614, 8644372, 8648270, 8721527, 8721839, 8773495, 8773818, 8840504, 8907258, 8924701, 9092657, 9109906, 9191149, 9446446, 9505348, 9522636, 9526336, 9565040, 9739417, 9828825, 9910797, 9920289, 9971873, 9981943, 10049579, 10065457, 10078835, 10089736, 10145465, 10195083, 10237613, 10280504, 10287729, 10320162, 10357730, 10386828, 10553002, 10591273, 10637756, 10643360, 10684325, 10707959, 10721847, 10765083, 10794937, 10884549, 11141310, 11285421, 11317917, 11318717, 11325102, 11371159, 11419086, 11519730, 11732143, 11759086, 11786646, 11880017, 12102463, 12142827, 12146588, 12187847, 12272311, 12345089, 12367283, 12373153, 12373990, 12430505, 12435425, 12525153, 12526569, 12541749, 12542854, 12545532, 12633126, 12669125, 12953679, 13164139, 13226342, 13265275, 13333483, 13393076, 13474645, 13519167, 13650408, 13745954, 13796989, 13917612, 13928718, 13992406, 14026884, 14089818, 14090769, 14129766, 14137741, 14150695, 14331619, 14384323, 14384661, 14444743, 14492238, 14492739, 14722940, 14792855, 14795686, 14796575, 14883098, 14912769, 15029245, 15082594, 15114121, 15117466, 15123474, 15250021, 15259369, 15298435, 15377404, 15402971, 15426217, 15503772, 15571785, 15626191, 15638256, 15644078, 15653039, 15674852, 15715345, 15731044, 15731931, 15765274, 15853540, 16104940, 16107970, 16115927, 16124481, 16156537, 16194762, 16215183, 16293139, 16410291, 16412744, 16447796, 16660491, 16733694, 16736868, 16748996, 16906920, 16911128, 16932573, 16990536, 17050574, 17151015, 17206124, 17375407, 17549281, 17644406, 17652921, 17733203, 17776139, 17817925, 17831562, 17941546, 17987435, 18023907, 18031853, 18129891, 18148100, 18210788, 18232717, 18254108, 18316788, 18373906, 18420269, 18497305, 18636592, 18752347, 18776970, 18795682, 18807383, 18825024, 18846506, 18901257, 18986253, 19199273, 19273245, 19443111, 19481983, 19635209, 19664678, 19803785, 19814825, 19925093, 19928441, 19938681, 19952617, 20056040, 20124092, 20243100, 20271202, 20306348, 20393285, 20452645, 20496132, 20539903, 20666697, 20974840, 21012829, 21052276, 21054069, 21062449, 21085362, 21135351, 21172047, 21216653, 21217385, 21224255, 21273260, 21287754, 21473626, 21481641, 21578609, 21607954, 21656596, 21656912, 21667626, 21718254, 21723457, 21758623, 21790621, 21796210, 21865279, 21949796, 21976380, 21987266, 22109338, 22195428, 22289833, 22368243, 22429256, 22618513, 22654599, 22721649, 22744583, 22751092, 22759062, 22818785, 22919111, 22922597, 23198915, 23204863, 23214650, 23214760, 23216691, 23288440, 23293340, 23377847, 23422097, 23479080, 23480291, 23543795, 23574592, 23641964, 23696476, 23770497, 23778284, 23906727, 24026181, 24091756, 24211057, 24273258, 24369292, 24395188, 24421407, 24432037, 24452570, 24496951, 24501507, 24561967, 24716826, 24768607, 24771112, 24778271, 24813755, 24835088, 24887835, 25145187, 25157435, 25178195, 25373861, 25407281, 25756225, 25774725, 26085766, 26112435, 26187980, 26237406, 26331513, 26385156, 26426106, 26441962, 26478022, 26534941, 26601274, 26616928, 26863020, 26883315, 26889700, 26927488, 26953629, 26975314, 27152879, 27372313, 27588295, 27644772, 27653633, 27689678, 27801056, 27831526, 28124258, 28154111, 28177842, 28223845, 28311070, 28318574, 28405312, 28458567, 28487240, 28551869, 28665005, 28928700, 28934080, 28951690, 28978442, 29028878, 29228238, 29271921, 29385911, 29393911, 29472313, 29490257, 29517374, 29530274, 29593205, 29596916, 29680776, 29921999, 29955724, 29959209, 29962546, 29978535]
ohjelman suorittaminen kesti 127900 nanosekuntia



Quicksort sort 100 muuttujan mittaukset:

[141080, 1097732, 1435241, 1541883, 2220402, 2444730, 3538901, 3760638, 3885635, 4212843, 4258962, 5069110, 5141409, 5457440, 5498481, 5621194, 5674124, 5931534, 6221028, 6447055, 6545237, 6705640, 6775812, 7373401, 7601290, 7929688, 8186337, 8427320, 8479880, 9075228, 10460710, 10535781, 10562230, 10864966, 11140154, 11456000, 11502040, 11594677, 11613954, 12275208, 12347618, 12709144, 13197403, 14947496, 14953904, 14968124, 15151421, 15370103, 15409257, 15695194, 15860444, 15948143, 17228974, 18437761, 18715092, 18845343, 18974912, 19012855, 19809844, 19818971, 20458124, 20619545, 20814668, 21075020, 21133679, 21198520, 21668240, 21801289, 21929575, 22607033, 22695373, 22697170, 22757059, 22907181, 22909444, 23060418, 23259941, 23470214, 23551407, 23592567, 23597813, 23727638, 23825832, 23978641, 24164669, 24431487, 24897216, 24923944, 25075173, 25735097, 25841321, 26849027, 27474462, 27758587, 28735520, 29674555, 29935151, 29946686, 29989841, 29992474]
ohjelman suorittaminen kesti 21400 nanosekuntia

[438210, 1004321, 1434698, 1806616, 1969059, 2431287, 2816450, 3199105, 3852017, 4014074, 4073662, 4148883, 5215578, 5342759, 5561081, 5814996, 6223199, 6240287, 6375872, 6724227, 7220690, 7716641, 7762487, 7992024, 8245837, 8500089, 8519360, 8627815, 8914318, 9177031, 9340603, 9502609, 9552482, 9622896, 9652000, 10040159, 10058110, 10198632, 11633140, 11878433, 12093371, 12263418, 12271584, 12409546, 12630359, 12970831, 13266761, 13571744, 13838666, 14332314, 14447526, 14769167, 14838254, 15080444, 15860212, 16167485, 16178485, 16221791, 16592300, 16730702, 17388362, 17898951, 18124033, 18661848, 19069686, 19306480, 20195401, 20952576, 21038507, 21126083, 21241182, 21488406, 22001225, 22235466, 22290618, 23313731, 23767235, 23937002, 24166878, 24345353, 24364541, 24398431, 24760286, 24780514, 25118541, 25787706, 26102335, 26111492, 26230444, 26251005, 26603005, 26776361, 27755432, 28461290, 28536500, 28750447, 29077704, 29615775, 29865107, 29877191]
ohjelman suorittaminen kesti 28800 nanosekuntia

[38416, 300197, 765437, 1942477, 2056708, 2116865, 2765136, 2910032, 3012191, 3431603, 3617841, 3941715, 4163925, 4291013, 4410676, 4879423, 5120530, 5576239, 5682496, 6482426, 6807816, 7867600, 8366694, 8399344, 8747387, 8767131, 8944157, 9246460, 9401747, 9995978, 10383005, 10669209, 10707716, 10834963, 10861179, 11505413, 11919012, 12669441, 13005641, 13050141, 13350642, 13358347, 14254448, 14612287, 14787143, 15254078, 15277666, 15719920, 15846682, 16747787, 16992334, 17548234, 18143810, 18237683, 18286425, 18460177, 18945675, 19811503, 19968488, 20090919, 21436207, 21844114, 22035301, 22176282, 22434628, 23143500, 23588299, 23652186, 23858148, 24175436, 24788841, 24925303, 25688709, 25694626, 26084382, 26310840, 26342073, 26683740, 26708760, 27055377, 27546089, 27680391, 27836656, 28009189, 28156832, 28220226, 28282502, 28365784, 28437451, 28582427, 28644840, 28681915, 29029767, 29041200, 29117844, 29314165, 29548473, 29592802, 29750518, 29918700]
ohjelman suorittaminen kesti 23100 nanosekuntia

[73047, 117893, 399047, 445789, 869214, 1435923, 1602624, 1844023, 2355258, 2889240, 3036878, 3331685, 3410474, 4582000, 4744595, 4813259, 5000277, 5016457, 5537302, 5788694, 6410275, 6499948, 6930017, 7125117, 7933368, 8393071, 8792788, 9198182, 9607675, 9674298, 9892771, 10036079, 10344235, 10702152, 10849823, 11166555, 11315367, 11964981, 12009404, 12337682, 12884877, 13187319, 13971933, 13974152, 13987247, 14744136, 14904198, 15176155, 15541788, 15572762, 15752852, 16158309, 16230546, 16366548, 16769605, 16783440, 16887536, 16985620, 16990567, 17374693, 17644808, 18096496, 18147718, 18370082, 18901078, 20241832, 20587004, 21007044, 21410176, 21653199, 21997472, 22123894, 22268907, 22285416, 22536288, 22607018, 22641739, 23022056, 23044157, 23373902, 23437609, 23584530, 23920042, 24185511, 24420477, 24585212, 24742870, 25686841, 26000025, 26081849, 26502149, 26795237, 27673500, 27796817, 27946217, 28454421, 29141687, 29471766, 29654967, 29970398]
ohjelman suorittaminen kesti 21600 nanosekuntia

[274874, 333977, 511546, 672644, 1120671, 1472185, 1522087, 1529160, 1713767, 1963044, 2071961, 2133713, 2368123, 2580809, 3128588, 3146745, 3773065, 4006685, 4201146, 4552688, 4774111, 4962614, 5308173, 5788540, 6710206, 6740068, 7781740, 8353213, 9137939, 9781780, 9811077, 9882555, 10110761, 10132413, 10186792, 10318409, 10434548, 10954803, 11708428, 11805105, 11997646, 12098530, 12111484, 12241167, 12280983, 14372253, 14545307, 15013112, 15237622, 15287382, 15339258, 15851381, 16003169, 16482271, 16818428, 16828641, 17150242, 17228430, 17312518, 18503347, 18625192, 18867960, 18947499, 19485192, 19921458, 19976007, 20512140, 20603414, 20943103, 21202804, 21396597, 21629839, 21750149, 22344630, 22482833, 22699451, 22782522, 22998501, 23219993, 23407404, 23460036, 24387077, 24485327, 24742174, 25858252, 26032353, 26280450, 26711402, 27316905, 27572204, 27659984, 27752690, 28073648, 28136946, 28148566, 28989935, 29122375, 29595239, 29627568, 29695212]
ohjelman suorittaminen kesti 23100 nanosekuntia


